0.000	0.000	0.000
0.036	0.000	0.000
0.071	0.000	0.000
0.106	0.000	0.000
0.141	0.000	0.000
0.177	0.000	0.000
0.213	0.000	0.000
0.248	0.000	0.000
0.283	0.000	0.000
0.318	0.000	0.000
0.353	0.000	0.000
0.388	0.000	0.000
0.423	0.000	0.000
0.459	0.000	0.000
0.494	0.000	0.000
0.530	0.000	0.000
0.565	0.000	0.000
0.600	0.000	0.000
0.635	0.000	0.000
0.670	0.000	0.000
0.705	0.000	0.000
0.740	0.000	0.000
0.776	0.000	0.000
0.811	0.000	0.000
0.847	0.000	0.000
0.882	0.000	0.000
0.917	0.000	0.000
0.952	0.000	0.000
0.987	0.000	0.000
1.023	0.000	0.000
1.058	0.000	0.000
1.093	0.000	0.000
1.128	0.000	0.000
1.163	0.000	0.000
1.198	0.000	0.000
1.233	0.000	0.000
1.268	0.000	0.000
1.303	0.000	0.000
1.338	0.000	0.000
1.373	0.000	0.000
1.408	0.000	0.000
1.443	0.000	0.000
1.478	0.000	0.000
1.514	0.000	0.000
1.549	0.000	0.000
1.584	0.000	0.000
1.620	0.000	0.000
1.655	0.000	0.000
1.690	0.000	0.000
1.725	0.000	0.000
1.760	0.000	0.000
1.795	0.000	0.000
1.830	0.000	0.000
1.865	0.000	0.000
1.900	0.000	0.000
1.935	0.000	0.000
1.970	0.000	0.000
2.005	0.000	0.000
2.040	0.000	0.000
2.075	0.000	0.000
2.111	0.000	0.000
2.146	0.000	0.000
2.181	0.000	0.000
2.216	0.000	0.000
2.252	0.000	0.000
2.288	0.000	0.000
2.324	0.000	0.000
2.359	0.000	0.000
2.394	0.000	0.000
2.429	0.000	0.000
2.464	0.000	0.000
2.500	0.000	0.000
2.535	0.000	0.000
2.570	0.000	0.000
2.605	0.000	0.000
2.640	0.000	0.000
2.675	0.000	0.000
2.710	0.000	0.000
2.745	0.000	0.000
2.780	0.000	0.000
2.816	0.000	0.000
2.851	0.000	0.000
2.886	0.000	0.000
2.921	0.000	0.000
2.956	0.000	0.000
2.991	0.000	0.000
3.026	0.000	0.000
3.061	0.000	0.000
3.096	0.000	0.000
3.131	0.000	0.000
3.167	0.000	0.000
3.202	0.000	0.000
3.238	0.000	0.000
3.273	0.000	0.000
3.308	0.000	0.000
3.343	0.000	0.000
3.378	0.000	0.000
3.413	0.000	0.000
3.449	0.000	0.000
3.484	0.000	0.000
3.519	0.000	0.000
3.554	0.000	0.000
3.589	0.000	0.000
3.625	0.000	0.000
3.660	0.000	0.000
3.695	0.000	0.000
3.730	0.000	0.000
3.765	0.000	0.000
3.800	0.000	0.000
3.835	0.000	0.000
3.871	0.000	0.000
3.906	0.000	0.000
3.941	0.000	0.000
3.977	0.000	0.000
4.012	0.000	0.000
4.047	0.000	0.000
4.082	0.000	0.000
4.118	0.000	0.000
4.153	0.000	0.000
4.188	0.000	0.000
4.224	0.000	0.000
4.259	0.000	0.000
4.294	0.000	0.000
4.329	0.000	0.000
4.364	0.000	0.000
4.399	0.000	0.000
4.434	0.000	0.000
4.469	0.000	0.000
4.505	0.000	0.000
4.540	0.000	0.000
4.575	0.000	0.000
4.610	0.000	0.000
4.645	0.000	0.000
4.680	0.000	0.000
4.716	0.000	0.000
4.752	0.000	0.000
4.787	0.000	0.000
4.822	0.000	0.000
4.857	0.000	0.000
4.892	0.000	0.000
4.927	0.000	0.000
4.962	0.000	0.000
4.997	0.000	0.000
5.032	0.000	0.000
5.067	0.000	0.000
5.102	0.000	0.000
5.137	0.000	0.000
5.172	0.000	0.000
5.207	0.000	0.000
5.242	0.000	0.000
5.278	0.000	0.000
5.313	0.000	0.000
5.348	0.000	0.000
5.383	0.000	0.000
5.418	0.000	0.000
5.454	0.000	0.000
5.489	0.000	0.000
5.524	0.000	0.000
5.559	0.000	0.000
5.594	0.000	0.000
5.629	0.000	0.000
5.665	0.000	0.000
5.700	0.000	0.000
5.735	0.000	0.000
5.770	0.000	0.000
5.806	0.000	0.000
5.841	0.000	0.000
5.876	0.000	0.000
5.911	0.000	0.000
5.946	0.000	0.000
5.981	0.000	0.000
6.016	0.000	0.000
6.051	0.000	0.000
6.087	0.000	0.000
6.122	0.000	0.000
6.158	0.000	0.000
6.193	10.000	0.000
6.228	10.000	0.000
6.263	10.000	0.109
6.298	10.000	0.374
6.333	10.000	0.635
6.368	10.000	0.867
6.403	10.000	1.065
6.438	10.000	1.233
6.473	10.000	1.385
6.509	10.000	1.511
6.544	10.000	1.623
6.579	10.000	1.713
6.614	10.000	1.794
6.649	10.000	1.865
6.684	10.000	1.922
6.719	10.000	1.977
6.754	10.000	2.019
6.789	10.000	2.056
6.824	10.000	2.090
6.860	10.000	2.114
6.895	10.000	2.139
6.930	10.000	2.156
6.965	10.000	2.181
7.001	10.000	2.191
7.036	10.000	2.207
7.071	10.000	2.220
7.106	10.000	2.230
7.142	10.000	2.237
7.177	10.000	2.240
7.212	10.000	2.248
7.247	10.000	2.254
7.282	10.000	2.259
7.317	10.000	2.265
7.352	10.000	2.267
7.387	10.000	2.272
7.422	10.000	2.273
7.457	10.000	2.275
7.492	10.000	2.277
7.527	10.000	2.276
7.562	10.000	2.278
7.597	10.000	2.277
7.632	10.000	2.280
7.667	10.000	2.286
7.702	10.000	2.288
7.737	10.000	2.287
7.773	10.000	2.280
7.808	10.000	2.289
7.843	10.000	2.281
7.878	10.000	2.284
7.913	10.000	2.282
7.949	10.000	2.289
7.985	10.000	2.292
8.020	10.000	2.290
8.055	10.000	2.282
8.090	10.000	2.285
8.125	10.000	2.289
8.160	10.000	2.290
8.195	10.000	2.292
8.230	10.000	2.291
8.265	10.000	2.288
8.300	10.000	2.288
8.335	10.000	2.288
8.370	10.000	2.289
8.406	10.000	2.283
8.441	10.000	2.283
8.476	10.000	2.292
8.511	10.000	2.285
8.546	10.000	2.293
8.581	10.000	2.286
8.616	10.000	2.288
8.651	10.000	2.290
8.687	10.000	2.290
8.722	10.000	2.292
8.758	10.000	2.283
8.793	10.000	2.289
8.828	10.000	2.289
8.863	10.000	2.287
8.899	10.000	2.287
8.934	10.000	2.288
8.969	10.000	2.290
9.005	10.000	2.285
9.040	10.000	2.285
9.075	10.000	2.288
9.110	10.000	2.288
9.145	10.000	2.289
9.180	10.000	2.288
9.216	10.000	2.289
9.251	10.000	2.289
9.286	10.000	2.290
9.321	10.000	2.284
9.356	10.000	2.284
9.391	10.000	2.286
9.426	10.000	2.289
9.462	10.000	2.291
9.497	10.000	2.284
9.532	10.000	2.287
9.567	10.000	2.287
9.603	10.000	2.287
9.638	10.000	2.289
9.673	10.000	2.290
9.708	10.000	2.289
9.743	10.000	2.290
9.778	10.000	2.291
9.813	10.000	2.289
9.848	10.000	2.290
9.883	10.000	2.288
9.918	10.000	2.289
9.953	10.000	2.287
9.988	10.000	2.290
10.023	10.000	2.287
10.058	10.000	2.292
10.094	10.000	2.288
10.129	10.000	2.283
10.164	10.000	2.288
10.199	10.000	2.288
10.234	10.000	2.288
10.269	10.000	2.290
10.305	10.000	2.285
10.340	10.000	2.293
10.375	10.000	2.287
10.411	10.000	2.288
10.446	10.000	2.287
10.481	10.000	2.289
10.516	10.000	2.290
10.552	10.000	2.285
10.587	10.000	2.284
10.622	10.000	2.289
10.658	10.000	2.288
10.693	10.000	2.289
10.728	10.000	2.288
10.763	10.000	2.287
10.798	10.000	2.286
10.833	10.000	2.285
10.868	10.000	2.291
10.903	10.000	2.286
10.938	10.000	2.288
10.973	10.000	2.276
11.008	10.000	2.252
11.043	10.000	2.233
11.078	10.000	2.207
11.113	10.000	2.192
11.148	10.000	2.179
11.184	10.000	2.166
11.219	10.000	2.154
11.254	10.000	2.144
11.289	10.000	2.137
11.324	10.000	2.131
11.359	10.000	2.126
11.394	10.000	2.118
11.429	10.000	2.113
11.464	10.000	2.108
11.499	10.000	2.107
11.534	10.000	2.102
11.570	10.000	2.100
11.605	10.000	2.097
11.640	10.000	2.092
11.676	10.000	2.097
11.711	10.000	2.090
11.746	10.000	2.095
11.782	10.000	2.094
11.817	10.000	2.085
11.852	10.000	2.087
11.887	10.000	2.088
11.923	10.000	2.084
11.959	10.000	2.085
11.994	10.000	2.090
12.029	10.000	2.087
12.064	10.000	2.086
12.099	10.000	2.085
12.134	10.000	2.085
12.169	10.000	2.085
12.204	10.000	2.085
12.239	10.000	2.084
12.274	10.000	2.086
12.309	10.000	2.085
12.344	10.000	2.087
12.379	10.000	2.089
12.414	10.000	2.085
12.449	10.000	2.083
12.484	10.000	2.085
12.519	10.000	2.085
12.554	10.000	2.086
12.589	10.000	2.085
12.624	10.000	2.084
12.659	10.000	2.084
12.694	10.000	2.083
12.729	10.000	2.088
12.764	10.000	2.086
12.799	10.000	2.085
12.835	10.000	2.083
12.870	10.000	2.087
12.905	10.000	2.083
12.940	10.000	2.085
12.975	10.000	2.083
13.010	10.000	2.084
13.045	10.000	2.077
13.080	10.000	2.081
13.115	10.000	2.084
13.150	10.000	2.081
13.186	10.000	2.085
13.221	10.000	2.087
13.256	10.000	2.088
13.291	10.000	2.082
13.326	10.000	2.085
13.361	10.000	2.085
13.396	10.000	2.083
13.431	10.000	2.085
13.466	10.000	2.085
13.501	10.000	2.084
13.536	10.000	2.085
13.571	10.000	2.087
13.607	10.000	2.079
13.642	10.000	2.085
13.677	10.000	2.081
13.712	10.000	2.083
13.747	10.000	2.082
13.782	10.000	2.080
13.817	10.000	2.082
13.852	10.000	2.082
13.887	10.000	2.086
13.922	10.000	2.084
13.958	10.000	2.084
13.993	10.000	2.088
14.028	10.000	2.080
14.063	10.000	2.082
14.098	10.000	2.080
14.133	10.000	2.082
14.168	10.000	2.081
14.203	10.000	2.083
14.238	10.000	2.084
14.273	10.000	2.084
14.308	10.000	2.084
14.343	10.000	2.082
14.378	10.000	2.086
14.413	10.000	2.082
14.448	10.000	2.082
14.483	10.000	2.080
14.518	10.000	2.081
14.553	10.000	2.082
14.588	10.000	2.084
14.623	10.000	2.082
14.658	10.000	2.081
14.693	10.000	2.080
14.728	10.000	2.083
14.763	10.000	2.080
14.798	10.000	2.085
14.834	10.000	2.079
14.869	10.000	2.078
14.904	10.000	2.083
14.939	10.000	2.086
14.974	10.000	2.080
15.009	10.000	2.083
15.044	10.000	2.086
15.079	10.000	2.086
15.115	10.000	2.086
15.151	10.000	2.079
15.186	10.000	2.084
15.221	10.000	2.081
15.256	10.000	2.082
15.291	10.000	2.085
15.327	10.000	2.082
15.363	10.000	2.081
15.398	10.000	2.078
15.434	10.000	2.083
15.470	10.000	2.084
15.505	10.000	2.080
15.540	10.000	2.081
15.576	10.000	2.083
15.611	10.000	2.087
15.646	10.000	2.080
15.681	10.000	2.084
15.716	10.000	2.085
15.751	10.000	2.086
15.786	10.000	2.086
15.821	10.000	2.084
15.856	10.000	2.083
15.892	10.000	2.085
15.927	10.000	2.077
15.962	10.000	2.086
15.997	10.000	2.086
16.032	10.000	2.082
16.067	10.000	2.083
16.102	10.000	2.083
16.138	10.000	2.083
16.173	10.000	2.078
16.208	10.000	2.083
16.244	10.000	2.080
16.279	10.000	2.082
16.314	10.000	2.082
16.349	10.000	2.080
16.384	10.000	2.082
16.419	10.000	2.083
16.454	10.000	2.083
16.489	10.000	2.084
16.524	10.000	2.081
16.560	10.000	2.083
16.595	10.000	2.081
16.630	10.000	2.081
16.665	10.000	2.081
16.700	10.000	2.085
16.735	10.000	2.082
16.770	10.000	2.082
16.805	10.000	2.083
16.840	10.000	2.083
16.875	10.000	2.082
16.910	10.000	2.083
16.945	10.000	2.081
16.980	10.000	2.085
17.015	10.000	2.078
17.050	10.000	2.087
17.085	10.000	2.084
17.120	10.000	2.083
17.155	10.000	2.081
17.190	10.000	2.077
17.225	10.000	2.079
17.260	10.000	2.083
17.295	10.000	2.082
17.330	10.000	2.079
17.366	10.000	2.082
17.401	10.000	2.084
17.436	10.000	2.084
17.471	10.000	2.085
17.506	10.000	2.084
17.541	10.000	2.086
17.576	10.000	2.078
17.611	10.000	2.079
17.646	10.000	2.083
17.681	10.000	2.086
17.716	10.000	2.080
17.751	10.000	2.081
17.786	10.000	2.082
17.821	10.000	2.082
17.856	10.000	2.083
