0.000	0.000	0.000
0.036	0.000	0.000
0.071	0.000	0.000
0.106	0.000	0.000
0.141	0.000	0.000
0.176	0.000	0.000
0.211	0.000	0.000
0.246	0.000	0.000
0.281	0.000	0.000
0.317	0.000	0.000
0.352	0.000	0.000
0.387	0.000	0.000
0.422	0.000	0.000
0.457	0.000	0.000
0.492	0.000	0.000
0.527	0.000	0.000
0.562	0.000	0.000
0.597	0.000	0.000
0.632	0.000	0.000
0.668	0.000	0.000
0.703	0.000	0.000
0.738	0.000	0.000
0.773	0.000	0.000
0.808	0.000	0.000
0.843	0.000	0.000
0.878	0.000	0.000
0.913	0.000	0.000
0.948	0.000	0.000
0.983	0.000	0.000
1.019	0.000	0.000
1.054	0.000	0.000
1.089	0.000	0.000
1.125	0.000	0.000
1.160	0.000	0.000
1.195	0.000	0.000
1.230	0.000	0.000
1.266	0.000	0.000
1.301	0.000	0.000
1.336	0.000	0.000
1.371	0.000	0.000
1.406	0.000	0.000
1.442	0.000	0.000
1.477	0.000	0.000
1.512	0.000	0.000
1.547	0.000	0.000
1.583	0.000	0.000
1.618	0.000	0.000
1.653	0.000	0.000
1.688	0.000	0.000
1.723	0.000	0.000
1.758	0.000	0.000
1.794	0.000	0.000
1.829	0.000	0.000
1.864	0.000	0.000
1.899	0.000	0.000
1.936	0.000	0.000
1.972	0.000	0.000
2.007	0.000	0.000
2.043	0.000	0.000
2.078	0.000	0.000
2.114	0.000	0.000
2.149	0.000	0.000
2.185	0.000	0.000
2.220	0.000	0.000
2.256	0.000	0.000
2.291	0.000	0.000
2.326	0.000	0.000
2.361	0.000	0.000
2.396	0.000	0.000
2.431	0.000	0.000
2.466	0.000	0.000
2.501	0.000	0.000
2.536	0.000	0.000
2.571	0.000	0.000
2.606	0.000	0.000
2.641	0.000	0.000
2.676	0.000	0.000
2.711	0.000	0.000
2.746	0.000	0.000
2.781	0.000	0.000
2.817	0.000	0.000
2.853	0.000	0.000
2.888	0.000	0.000
2.923	0.000	0.000
2.958	0.000	0.000
2.993	0.000	0.000
3.029	0.000	0.000
3.064	0.000	0.000
3.099	0.000	0.000
3.136	0.000	0.000
3.171	0.000	0.000
3.206	0.000	0.000
3.241	0.000	0.000
3.276	0.000	0.000
3.311	0.000	0.000
3.346	0.000	0.000
3.381	0.000	0.000
3.416	0.000	0.000
3.451	0.000	0.000
3.486	0.000	0.000
3.521	0.000	0.000
3.557	0.000	0.000
3.592	0.000	0.000
3.627	0.000	0.000
3.662	0.000	0.000
3.698	0.000	0.000
3.733	0.000	0.000
3.769	0.000	0.000
3.805	0.000	0.000
3.841	0.000	0.000
3.876	0.000	0.000
3.913	0.000	0.000
3.948	0.000	0.000
3.985	0.000	0.000
4.020	0.000	0.000
4.056	0.000	0.000
4.092	0.000	0.000
4.127	0.000	0.000
4.162	0.000	0.000
4.197	0.000	0.000
4.232	0.000	0.000
4.267	0.000	0.000
4.302	0.000	0.000
4.337	0.000	0.000
4.372	0.000	0.000
4.407	0.000	0.000
4.442	0.000	0.000
4.477	0.000	0.000
4.513	0.000	0.000
4.549	0.000	0.000
4.585	0.000	0.000
4.620	0.000	0.000
4.655	0.000	0.000
4.690	0.000	0.000
4.726	0.000	0.000
4.761	0.000	0.000
4.796	0.000	0.000
4.831	0.000	0.000
4.866	0.000	0.000
4.901	0.000	0.000
4.936	0.000	0.000
4.971	0.000	0.000
5.006	0.000	0.000
5.041	0.000	0.000
5.076	0.000	0.000
5.112	0.000	0.000
5.148	0.000	0.000
5.185	0.000	0.000
5.220	0.000	0.000
5.255	0.000	0.000
5.290	0.000	0.000
5.325	0.000	0.000
5.361	0.000	0.000
5.397	0.000	0.000
5.433	0.000	0.000
5.468	0.000	0.000
5.503	0.000	0.000
5.539	0.000	0.000
5.574	0.000	0.000
5.609	0.000	0.000
5.644	0.000	0.000
5.679	0.000	0.000
5.715	0.000	0.000
5.750	0.000	0.000
5.786	0.000	0.000
5.822	0.000	0.000
5.857	0.000	0.000
5.892	0.000	0.000
5.927	0.000	0.000
5.962	0.000	0.000
5.997	0.000	0.000
6.033	0.000	0.000
6.069	0.000	0.000
6.104	0.000	0.000
6.139	0.000	0.000
6.175	0.000	0.000
6.210	0.000	0.000
6.245	0.000	0.000
6.280	0.000	0.000
6.315	0.000	0.000
6.350	0.000	0.000
6.385	0.000	0.000
6.420	0.000	0.000
6.455	0.000	0.000
6.490	0.000	0.000
6.525	-10.000	0.000
6.560	-10.000	0.000
6.596	-10.000	-0.123
6.631	-10.000	-0.387
6.667	-10.000	-0.650
6.702	-10.000	-0.878
6.737	-10.000	-1.078
6.772	-10.000	-1.249
6.808	-10.000	-1.393
6.843	-10.000	-1.518
6.878	-10.000	-1.634
6.914	-10.000	-1.727
6.949	-10.000	-1.801
6.986	-10.000	-1.871
7.021	-10.000	-1.924
7.057	-10.000	-1.984
7.092	-10.000	-2.019
7.127	-10.000	-2.059
7.163	-10.000	-2.095
7.198	-10.000	-2.122
7.233	-10.000	-2.141
7.268	-10.000	-2.162
7.303	-10.000	-2.180
7.338	-10.000	-2.194
7.374	-10.000	-2.210
7.409	-10.000	-2.218
7.444	-10.000	-2.237
7.480	-10.000	-2.245
7.515	-10.000	-2.245
7.550	-10.000	-2.250
7.585	-10.000	-2.260
7.620	-10.000	-2.267
7.656	-10.000	-2.266
7.692	-10.000	-2.267
7.727	-10.000	-2.279
7.763	-10.000	-2.276
7.798	-10.000	-2.272
7.833	-10.000	-2.284
7.868	-10.000	-2.284
7.903	-10.000	-2.285
7.938	-10.000	-2.276
7.973	-10.000	-2.281
8.009	-10.000	-2.281
8.045	-10.000	-2.281
8.080	-10.000	-2.285
8.115	-10.000	-2.287
8.150	-10.000	-2.285
8.185	-10.000	-2.288
8.220	-10.000	-2.286
8.255	-10.000	-2.287
8.290	-10.000	-2.285
8.326	-10.000	-2.290
8.361	-10.000	-2.291
8.396	-10.000	-2.285
8.431	-10.000	-2.288
8.466	-10.000	-2.292
8.501	-10.000	-2.289
8.536	-10.000	-2.287
8.572	-10.000	-2.286
8.608	-10.000	-2.286
8.643	-10.000	-2.291
8.678	-10.000	-2.291
8.713	-10.000	-2.287
8.748	-10.000	-2.288
8.784	-10.000	-2.289
8.820	-10.000	-2.294
8.855	-10.000	-2.291
8.890	-10.000	-2.288
8.925	-10.000	-2.288
8.960	-10.000	-2.286
8.995	-10.000	-2.291
9.031	-10.000	-2.286
9.066	-10.000	-2.287
9.101	-10.000	-2.289
9.136	-10.000	-2.289
9.171	-10.000	-2.287
9.207	-10.000	-2.288
9.242	-10.000	-2.291
9.277	-10.000	-2.287
9.312	-10.000	-2.288
9.347	-10.000	-2.291
9.382	-10.000	-2.286
9.417	-10.000	-2.290
9.452	-10.000	-2.290
9.487	-10.000	-2.291
9.522	-10.000	-2.291
9.557	-10.000	-2.287
9.592	-10.000	-2.288
9.627	-10.000	-2.289
9.663	-10.000	-2.291
9.698	-10.000	-2.289
9.733	-10.000	-2.291
9.768	-10.000	-2.285
9.804	-10.000	-2.293
9.839	-10.000	-2.285
9.874	-10.000	-2.288
9.909	-10.000	-2.288
9.944	-10.000	-2.287
9.979	-10.000	-2.294
10.015	-10.000	-2.294
10.051	-10.000	-2.287
10.086	-10.000	-2.290
10.121	-10.000	-2.291
10.156	-10.000	-2.289
10.191	-10.000	-2.290
10.226	-10.000	-2.297
10.262	-10.000	-2.288
10.297	-10.000	-2.293
10.333	-10.000	-2.289
10.369	-10.000	-2.291
10.404	-10.000	-2.286
10.439	-10.000	-2.286
10.475	-10.000	-2.288
10.510	-10.000	-2.287
10.546	-10.000	-2.289
10.581	-10.000	-2.287
10.616	-10.000	-2.290
10.651	-10.000	-2.289
10.686	-10.000	-2.291
10.721	-10.000	-2.291
10.756	-10.000	-2.289
10.791	-10.000	-2.289
10.827	-10.000	-2.290
10.862	-10.000	-2.287
10.897	-10.000	-2.291
10.932	-10.000	-2.287
10.968	-10.000	-2.293
11.003	-10.000	-2.287
11.038	-10.000	-2.288
11.075	-10.000	-2.288
11.110	-10.000	-2.285
11.145	-10.000	-2.288
11.180	-10.000	-2.291
11.215	-10.000	-2.290
11.250	-10.000	-2.296
11.285	-10.000	-2.287
11.320	-10.000	-2.288
11.355	-10.000	-2.288
11.390	-10.000	-2.290
11.425	-10.000	-2.290
11.460	-10.000	-2.286
11.495	-10.000	-2.289
11.530	-10.000	-2.292
11.566	-10.000	-2.288
11.601	-10.000	-2.288
11.636	-10.000	-2.289
11.671	-10.000	-2.290
11.706	-10.000	-2.292
11.741	-10.000	-2.287
11.778	-10.000	-2.290
11.814	-10.000	-2.287
11.850	-10.000	-2.296
11.886	-10.000	-2.287
11.921	-10.000	-2.287
11.956	-10.000	-2.295
11.992	-10.000	-2.295
12.027	-10.000	-2.289
12.063	-10.000	-2.288
12.099	-10.000	-2.289
12.135	-10.000	-2.288
12.170	-10.000	-2.286
12.205	-10.000	-2.289
12.240	-10.000	-2.292
12.276	-10.000	-2.293
12.311	-10.000	-2.288
12.348	-10.000	-2.288
12.383	-10.000	-2.285
12.418	-10.000	-2.285
12.455	-10.000	-2.289
12.490	-10.000	-2.287
12.525	-10.000	-2.289
12.560	-10.000	-2.287
12.595	-10.000	-2.292
12.630	-10.000	-2.289
12.665	-10.000	-2.293
12.700	-10.000	-2.292
12.735	-10.000	-2.289
12.770	-10.000	-2.291
12.805	-10.000	-2.288
12.840	-10.000	-2.292
12.876	-10.000	-2.292
12.911	-10.000	-2.286
12.946	-10.000	-2.294
12.981	-10.000	-2.285
13.016	-10.000	-2.287
13.051	-10.000	-2.289
13.086	-10.000	-2.292
13.121	-10.000	-2.288
13.156	-10.000	-2.293
13.191	-10.000	-2.286
13.227	-10.000	-2.296
13.263	-10.000	-2.286
13.298	-10.000	-2.286
13.334	-10.000	-2.288
13.369	-10.000	-2.287
13.404	-10.000	-2.288
13.439	-10.000	-2.287
13.474	-10.000	-2.296
13.510	-10.000	-2.285
13.545	-10.000	-2.286
13.580	-10.000	-2.286
13.616	-10.000	-2.287
13.651	-10.000	-2.290
13.686	-10.000	-2.289
13.721	-10.000	-2.290
13.756	-10.000	-2.291
13.791	-10.000	-2.286
13.826	-10.000	-2.288
13.862	-10.000	-2.288
13.897	-10.000	-2.290
13.933	-10.000	-2.287
13.969	-10.000	-2.292
14.006	-10.000	-2.292
14.042	-10.000	-2.283
14.077	-10.000	-2.291
14.112	-10.000	-2.284
14.147	-10.000	-2.288
14.183	-10.000	-2.288
14.218	-10.000	-2.289
14.254	-10.000	-2.291
14.289	-10.000	-2.294
14.325	-10.000	-2.293
14.360	-10.000	-2.285
14.395	-10.000	-2.292
14.430	-10.000	-2.292
14.466	-10.000	-2.288
14.501	-10.000	-2.290
14.537	-10.000	-2.292
14.573	-10.000	-2.283
14.608	-10.000	-2.288
14.643	-10.000	-2.287
14.678	-10.000	-2.289
14.714	-10.000	-2.288
14.749	-10.000	-2.283
14.786	-10.000	-2.292
14.822	-10.000	-2.284
14.857	-10.000	-2.293
14.892	-10.000	-2.289
14.928	-10.000	-2.290
14.963	-10.000	-2.283
14.999	-10.000	-2.293
15.034	-10.000	-2.283
15.070	-10.000	-2.293
15.106	-10.000	-2.284
15.141	-10.000	-2.283
15.177	-10.000	-2.291
15.212	-10.000	-2.284
15.247	-10.000	-2.285
15.282	-10.000	-2.284
15.317	-10.000	-2.289
15.353	-10.000	-2.287
15.388	-10.000	-2.289
15.423	-10.000	-2.290
15.458	-10.000	-2.289
15.493	-10.000	-2.288
15.528	-10.000	-2.282
15.565	-10.000	-2.290
15.600	-10.000	-2.283
15.635	-10.000	-2.288
15.670	-10.000	-2.289
15.705	-10.000	-2.290
15.740	-10.000	-2.291
15.775	-10.000	-2.287
15.810	-10.000	-2.291
15.845	-10.000	-2.291
15.880	-10.000	-2.282
15.917	-10.000	-2.292
15.953	-10.000	-2.283
15.988	-10.000	-2.286
16.024	-10.000	-2.289
16.060	-10.000	-2.291
16.097	-10.000	-2.284
16.132	-10.000	-2.284
16.167	-10.000	-2.288
16.203	-10.000	-2.288
16.238	-10.000	-2.287
16.273	-10.000	-2.289
16.308	-10.000	-2.290
16.343	-10.000	-2.290
16.379	-10.000	-2.283
16.414	-10.000	-2.292
16.449	-10.000	-2.283
16.485	-10.000	-2.288
16.520	-10.000	-2.284
16.555	-10.000	-2.288
16.590	-10.000	-2.290
16.625	-10.000	-2.290
16.660	-10.000	-2.283
16.695	-10.000	-2.285
16.730	-10.000	-2.285
16.765	-10.000	-2.285
16.801	-10.000	-2.285
16.836	-10.000	-2.285
16.871	-10.000	-2.288
16.906	-10.000	-2.288
16.941	-10.000	-2.284
16.976	-10.000	-2.286
17.012	-10.000	-2.291
17.047	-10.000	-2.293
17.082	-10.000	-2.288
17.117	-10.000	-2.284
17.152	-10.000	-2.290
17.188	-10.000	-2.291
17.223	-10.000	-2.284
17.258	-10.000	-2.284
17.294	-10.000	-2.289
17.329	-10.000	-2.290
17.364	-10.000	-2.288
17.400	-10.000	-2.289
17.435	-10.000	-2.293
17.470	-10.000	-2.286
17.505	-10.000	-2.288
17.540	-10.000	-2.285
17.575	-10.000	-2.290
17.610	-10.000	-2.289
17.646	-10.000	-2.289
17.682	-10.000	-2.293
17.718	-10.000	-2.284
17.755	-10.000	-2.286
17.790	-10.000	-2.285
17.825	-10.000	-2.288
17.860	-10.000	-2.287
17.895	-10.000	-2.291
17.930	-10.000	-2.285
17.965	-10.000	-2.293
18.000	-10.000	-2.293
18.035	-10.000	-2.293
18.070	-10.000	-2.288
18.105	-10.000	-2.288
18.140	-10.000	-2.283
18.175	-10.000	-2.285
