0.000	0.000	0.000
0.035	0.000	0.000
0.070	0.000	0.000
0.105	0.000	0.000
0.140	0.000	0.000
0.175	0.000	0.000
0.211	0.000	0.000
0.246	0.000	0.000
0.281	0.000	0.000
0.317	0.000	0.000
0.352	0.000	0.000
0.387	0.000	0.000
0.423	0.000	0.000
0.458	0.000	0.000
0.493	0.000	0.000
0.528	0.000	0.000
0.563	0.000	0.000
0.598	0.000	0.000
0.633	0.000	0.000
0.668	0.000	0.000
0.703	0.000	0.000
0.738	0.000	0.000
0.773	0.000	0.000
0.808	0.000	0.000
0.844	0.000	0.000
0.879	0.000	0.000
0.914	0.000	0.000
0.949	0.000	0.000
0.984	0.000	0.000
1.019	0.000	0.000
1.055	0.000	0.000
1.090	0.000	0.000
1.125	0.000	0.000
1.161	0.000	0.000
1.197	0.000	0.000
1.232	0.000	0.000
1.267	0.000	0.000
1.302	0.000	0.000
1.338	0.000	0.000
1.374	0.000	0.000
1.409	0.000	0.000
1.444	0.000	0.000
1.480	0.000	0.000
1.515	0.000	0.000
1.551	0.000	0.000
1.586	0.000	0.000
1.621	0.000	0.000
1.657	0.000	0.000
1.692	0.000	0.000
1.727	0.000	0.000
1.762	0.000	0.000
1.797	0.000	0.000
1.833	0.000	0.000
1.869	0.000	0.000
1.905	0.000	0.000
1.940	0.000	0.000
1.976	0.000	0.000
2.011	0.000	0.000
2.046	0.000	0.000
2.081	0.000	0.000
2.116	0.000	0.000
2.151	0.000	0.000
2.186	0.000	0.000
2.221	0.000	0.000
2.256	0.000	0.000
2.291	0.000	0.000
2.326	0.000	0.000
2.361	0.000	0.000
2.396	0.000	0.000
2.431	0.000	0.000
2.466	0.000	0.000
2.501	0.000	0.000
2.537	0.000	0.000
2.572	0.000	0.000
2.607	0.000	0.000
2.642	0.000	0.000
2.677	0.000	0.000
2.712	0.000	0.000
2.747	0.000	0.000
2.782	0.000	0.000
2.817	0.000	0.000
2.852	0.000	0.000
2.888	0.000	0.000
2.923	0.000	0.000
2.958	0.000	0.000
2.993	0.000	0.000
3.028	0.000	0.000
3.063	0.000	0.000
3.098	0.000	0.000
3.133	0.000	0.000
3.168	0.000	0.000
3.203	0.000	0.000
3.239	0.000	0.000
3.275	0.000	0.000
3.310	0.000	0.000
3.346	0.000	0.000
3.381	0.000	0.000
3.417	0.000	0.000
3.452	0.000	0.000
3.488	0.000	0.000
3.523	0.000	0.000
3.558	0.000	0.000
3.593	0.000	0.000
3.628	0.000	0.000
3.663	2.000	0.000
3.698	2.000	0.000
3.735	2.000	0.028
3.771	2.000	0.079
3.807	2.000	0.130
3.843	2.000	0.175
3.879	2.000	0.212
3.914	2.000	0.243
3.949	2.000	0.272
3.986	2.000	0.296
4.021	2.000	0.315
4.056	2.000	0.334
4.091	2.000	0.349
4.127	2.000	0.362
4.163	2.000	0.373
4.198	2.000	0.383
4.233	2.000	0.391
4.268	2.000	0.397
4.303	2.000	0.404
4.338	2.000	0.410
4.373	2.000	0.413
4.408	2.000	0.417
4.443	2.000	0.421
4.478	2.000	0.424
4.513	2.000	0.426
4.548	2.000	0.428
4.583	2.000	0.431
4.618	2.000	0.432
4.654	2.000	0.434
4.689	2.000	0.435
4.725	2.000	0.436
4.760	2.000	0.436
4.796	2.000	0.437
4.831	2.000	0.437
4.867	2.000	0.438
4.902	2.000	0.437
4.937	2.000	0.439
4.972	2.000	0.439
5.007	2.000	0.440
5.042	2.000	0.439
5.077	2.000	0.440
5.113	2.000	0.440
5.148	2.000	0.441
5.183	2.000	0.440
5.218	2.000	0.440
5.254	2.000	0.441
5.289	2.000	0.441
5.324	2.000	0.441
5.359	2.000	0.441
5.394	2.000	0.441
5.429	2.000	0.441
5.464	2.000	0.440
5.499	2.000	0.442
5.534	2.000	0.442
5.569	2.000	0.440
5.606	2.000	0.440
5.641	2.000	0.440
5.676	2.000	0.441
5.711	2.000	0.441
5.746	2.000	0.442
5.781	2.000	0.442
5.817	2.000	0.442
5.852	2.000	0.440
5.887	2.000	0.441
5.922	2.000	0.441
5.957	2.000	0.441
5.992	2.000	0.441
6.028	2.000	0.442
6.063	2.000	0.440
6.098	2.000	0.441
6.133	2.000	0.441
6.169	2.000	0.442
6.205	2.000	0.441
6.240	2.000	0.440
6.275	2.000	0.441
6.310	2.000	0.442
6.346	2.000	0.441
6.381	2.000	0.441
6.418	2.000	0.442
6.453	2.000	0.440
6.489	2.000	0.441
6.524	2.000	0.443
6.560	2.000	0.442
6.596	2.000	0.441
6.631	2.000	0.441
6.666	2.000	0.442
6.701	2.000	0.441
6.736	2.000	0.441
6.771	2.000	0.442
6.806	2.000	0.443
6.841	2.000	0.441
6.877	2.000	0.441
6.912	2.000	0.443
6.947	2.000	0.441
6.982	2.000	0.442
7.017	2.000	0.442
7.052	2.000	0.442
7.087	2.000	0.440
7.122	2.000	0.442
7.157	2.000	0.442
7.193	2.000	0.442
7.228	2.000	0.442
7.263	2.000	0.442
7.298	2.000	0.442
7.333	2.000	0.442
7.368	2.000	0.441
7.403	2.000	0.440
7.438	2.000	0.441
7.474	2.000	0.441
7.510	2.000	0.442
7.546	2.000	0.440
7.581	2.000	0.440
7.616	2.000	0.440
7.652	2.000	0.442
7.688	2.000	0.440
7.723	2.000	0.440
7.758	2.000	0.441
7.793	2.000	0.442
7.829	2.000	0.440
7.864	2.000	0.427
7.899	2.000	0.403
7.934	2.000	0.379
7.969	2.000	0.359
8.005	2.000	0.343
8.040	2.000	0.327
8.076	2.000	0.315
8.111	2.000	0.304
8.146	2.000	0.294
8.182	2.000	0.287
8.217	2.000	0.279
8.252	2.000	0.273
8.287	2.000	0.268
8.322	2.000	0.263
8.357	2.000	0.261
8.392	2.000	0.257
8.427	2.000	0.254
8.462	2.000	0.252
8.497	2.000	0.249
8.532	2.000	0.248
8.567	2.000	0.246
8.602	2.000	0.245
8.637	2.000	0.244
8.672	2.000	0.243
8.707	2.000	0.242
8.742	2.000	0.241
8.777	2.000	0.241
8.812	2.000	0.240
8.847	2.000	0.240
8.882	2.000	0.239
8.917	2.000	0.239
8.953	2.000	0.239
8.988	2.000	0.239
9.023	2.000	0.239
9.058	2.000	0.238
9.093	2.000	0.238
9.130	2.000	0.237
9.166	2.000	0.237
9.201	2.000	0.237
9.236	2.000	0.237
9.271	2.000	0.237
9.306	2.000	0.237
9.341	2.000	0.237
9.376	2.000	0.237
9.411	2.000	0.238
9.447	2.000	0.237
9.482	2.000	0.237
9.517	2.000	0.237
9.552	2.000	0.237
9.587	2.000	0.238
9.622	2.000	0.238
9.657	2.000	0.237
9.692	2.000	0.238
9.727	2.000	0.237
9.762	2.000	0.237
9.797	2.000	0.237
9.832	2.000	0.237
9.867	2.000	0.237
9.902	2.000	0.236
9.937	2.000	0.237
9.972	2.000	0.237
10.007	2.000	0.238
10.042	2.000	0.238
10.077	2.000	0.238
10.112	2.000	0.237
10.147	2.000	0.237
10.182	2.000	0.237
10.217	2.000	0.237
10.252	2.000	0.237
10.287	2.000	0.237
10.322	2.000	0.237
10.357	2.000	0.237
10.392	2.000	0.238
10.427	2.000	0.238
10.462	2.000	0.237
10.497	2.000	0.238
10.532	2.000	0.238
10.567	2.000	0.238
10.602	2.000	0.238
10.637	2.000	0.238
10.672	2.000	0.237
10.709	2.000	0.237
10.744	2.000	0.236
10.779	2.000	0.238
10.814	2.000	0.237
10.849	2.000	0.237
10.885	2.000	0.238
10.920	2.000	0.237
10.956	2.000	0.238
10.991	2.000	0.238
11.027	2.000	0.238
11.062	2.000	0.237
11.097	2.000	0.237
11.132	2.000	0.238
11.167	2.000	0.238
11.202	2.000	0.238
11.237	2.000	0.238
11.272	2.000	0.238
11.307	2.000	0.238
11.342	2.000	0.238
11.378	2.000	0.238
11.413	2.000	0.237
11.449	2.000	0.237
11.485	2.000	0.238
11.520	2.000	0.237
11.557	2.000	0.237
11.592	2.000	0.237
11.627	2.000	0.238
11.662	2.000	0.238
11.697	2.000	0.238
11.732	2.000	0.238
11.767	2.000	0.238
11.802	2.000	0.238
11.837	2.000	0.238
11.872	2.000	0.238
11.907	2.000	0.237
11.942	2.000	0.237
11.977	2.000	0.237
12.012	2.000	0.237
12.047	2.000	0.237
12.082	2.000	0.238
12.117	2.000	0.237
12.152	2.000	0.237
12.188	2.000	0.237
12.223	2.000	0.237
12.258	2.000	0.238
12.294	2.000	0.237
12.329	2.000	0.237
12.364	2.000	0.238
12.399	2.000	0.237
12.434	2.000	0.237
12.469	2.000	0.238
12.504	2.000	0.238
12.539	2.000	0.238
12.574	2.000	0.238
12.609	2.000	0.238
12.645	2.000	0.237
12.680	2.000	0.237
12.716	2.000	0.237
12.751	2.000	0.237
12.787	2.000	0.237
12.822	2.000	0.237
12.858	2.000	0.237
12.893	2.000	0.238
12.928	2.000	0.238
12.963	2.000	0.238
12.998	2.000	0.237
13.033	2.000	0.238
13.068	2.000	0.238
13.103	2.000	0.238
13.138	2.000	0.238
13.173	2.000	0.238
13.208	2.000	0.237
13.243	2.000	0.237
13.278	2.000	0.237
13.313	2.000	0.237
