0.000	0.000	0.000
0.035	0.000	0.000
0.070	0.000	0.000
0.105	0.000	0.000
0.140	0.000	0.000
0.176	0.000	0.000
0.211	0.000	0.000
0.246	0.000	0.000
0.281	0.000	0.000
0.316	0.000	0.000
0.351	0.000	0.000
0.386	0.000	0.000
0.421	0.000	0.000
0.456	0.000	0.000
0.491	0.000	0.000
0.527	0.000	0.000
0.562	0.000	0.000
0.597	0.000	0.000
0.632	0.000	0.000
0.667	0.000	0.000
0.703	0.000	0.000
0.738	0.000	0.000
0.773	0.000	0.000
0.808	0.000	0.000
0.843	0.000	0.000
0.878	0.000	0.000
0.914	0.000	0.000
0.950	0.000	0.000
0.985	0.000	0.000
1.021	0.000	0.000
1.056	0.000	0.000
1.092	0.000	0.000
1.128	0.000	0.000
1.163	0.000	0.000
1.198	0.000	0.000
1.233	0.000	0.000
1.268	0.000	0.000
1.303	0.000	0.000
1.339	0.000	0.000
1.374	0.000	0.000
1.409	0.000	0.000
1.445	0.000	0.000
1.480	0.000	0.000
1.516	0.000	0.000
1.551	0.000	0.000
1.587	0.000	0.000
1.622	0.000	0.000
1.657	0.000	0.000
1.692	0.000	0.000
1.727	0.000	0.000
1.762	0.000	0.000
1.798	0.000	0.000
1.833	0.000	0.000
1.868	0.000	0.000
1.903	0.000	0.000
1.938	0.000	0.000
1.974	0.000	0.000
2.009	0.000	0.000
2.044	0.000	0.000
2.079	0.000	0.000
2.114	0.000	0.000
2.149	0.000	0.000
2.184	0.000	0.000
2.220	0.000	0.000
2.255	0.000	0.000
2.290	0.000	0.000
2.325	0.000	0.000
2.361	0.000	0.000
2.396	0.000	0.000
2.431	0.000	0.000
2.466	0.000	0.000
2.501	0.000	0.000
2.537	0.000	0.000
2.572	0.000	0.000
2.607	0.000	0.000
2.642	0.000	0.000
2.677	0.000	0.000
2.712	0.000	0.000
2.747	0.000	0.000
2.783	0.000	0.000
2.819	0.000	0.000
2.855	0.000	0.000
2.890	0.000	0.000
2.925	0.000	0.000
2.960	0.000	0.000
2.997	0.000	0.000
3.033	0.000	0.000
3.068	0.000	0.000
3.103	0.000	0.000
3.138	0.000	0.000
3.173	0.000	0.000
3.208	0.000	0.000
3.243	0.000	0.000
3.278	0.000	0.000
3.313	0.000	0.000
3.348	0.000	0.000
3.383	0.000	0.000
3.419	0.000	0.000
3.454	0.000	0.000
3.489	0.000	0.000
3.524	0.000	0.000
3.560	0.000	0.000
3.595	0.000	0.000
3.630	0.000	0.000
3.665	0.000	0.000
3.700	0.000	0.000
3.735	0.000	0.000
3.770	0.000	0.000
3.807	0.000	0.000
3.842	0.000	0.000
3.878	0.000	0.000
3.913	0.000	0.000
3.948	0.000	0.000
3.983	0.000	0.000
4.018	0.000	0.000
4.053	0.000	0.000
4.088	0.000	0.000
4.123	0.000	0.000
4.158	0.000	0.000
4.193	0.000	0.000
4.229	0.000	0.000
4.265	0.000	0.000
4.300	0.000	0.000
4.335	0.000	0.000
4.370	0.000	0.000
4.406	0.000	0.000
4.441	0.000	0.000
4.477	0.000	0.000
4.512	0.000	0.000
4.549	0.000	0.000
4.584	0.000	0.000
4.619	0.000	0.000
4.654	0.000	0.000
4.689	0.000	0.000
4.724	0.000	0.000
4.759	0.000	0.000
4.794	0.000	0.000
4.829	0.000	0.000
4.864	0.000	0.000
4.899	0.000	0.000
4.934	0.000	0.000
4.970	0.000	0.000
5.005	0.000	0.000
5.040	0.000	0.000
5.075	0.000	0.000
5.111	0.000	0.000
5.146	-2.000	0.000
5.181	-2.000	0.000
5.216	-2.000	-0.028
5.252	-2.000	-0.081
5.287	-2.000	-0.129
5.322	-2.000	-0.173
5.358	-2.000	-0.210
5.393	-2.000	-0.242
5.428	-2.000	-0.271
5.463	-2.000	-0.295
5.499	-2.000	-0.314
5.534	-2.000	-0.331
5.570	-2.000	-0.348
5.605	-2.000	-0.361
5.640	-2.000	-0.372
5.675	-2.000	-0.381
5.710	-2.000	-0.389
5.745	-2.000	-0.395
5.780	-2.000	-0.402
5.815	-2.000	-0.407
5.850	-2.000	-0.412
5.885	-2.000	-0.417
5.920	-2.000	-0.419
5.956	-2.000	-0.421
5.991	-2.000	-0.425
6.026	-2.000	-0.426
6.061	-2.000	-0.428
6.096	-2.000	-0.430
6.132	-2.000	-0.432
6.167	-2.000	-0.432
6.202	-2.000	-0.434
6.238	-2.000	-0.433
6.273	-2.000	-0.436
6.308	-2.000	-0.437
6.344	-2.000	-0.437
6.380	-2.000	-0.436
6.415	-2.000	-0.436
6.450	-2.000	-0.437
6.485	-2.000	-0.437
6.520	-2.000	-0.438
6.555	-2.000	-0.437
6.591	-2.000	-0.438
6.626	-2.000	-0.437
6.661	-2.000	-0.438
6.696	-2.000	-0.438
6.731	-2.000	-0.439
6.766	-2.000	-0.439
6.801	-2.000	-0.439
6.836	-2.000	-0.438
6.871	-2.000	-0.440
6.906	-2.000	-0.439
6.941	-2.000	-0.439
6.976	-2.000	-0.439
7.011	-2.000	-0.440
7.048	-2.000	-0.440
7.083	-2.000	-0.438
7.118	-2.000	-0.440
7.153	-2.000	-0.440
7.189	-2.000	-0.440
7.224	-2.000	-0.440
7.259	-2.000	-0.440
7.294	-2.000	-0.439
7.329	-2.000	-0.440
7.364	-2.000	-0.439
7.399	-2.000	-0.439
7.434	-2.000	-0.439
7.469	-2.000	-0.439
7.504	-2.000	-0.439
7.539	-2.000	-0.440
7.574	-2.000	-0.440
7.609	-2.000	-0.440
7.645	-2.000	-0.440
7.680	-2.000	-0.440
7.715	-2.000	-0.439
7.750	-2.000	-0.439
7.785	-2.000	-0.439
7.820	-2.000	-0.440
7.855	-2.000	-0.439
7.891	-2.000	-0.440
7.927	-2.000	-0.440
7.963	-2.000	-0.439
7.999	-2.000	-0.439
8.034	-2.000	-0.440
8.070	-2.000	-0.440
8.105	-2.000	-0.438
8.140	-2.000	-0.439
8.175	-2.000	-0.439
8.211	-2.000	-0.439
8.246	-2.000	-0.439
8.281	-2.000	-0.439
8.316	-2.000	-0.439
8.351	-2.000	-0.440
8.386	-2.000	-0.441
8.421	-2.000	-0.438
8.456	-2.000	-0.439
8.491	-2.000	-0.439
8.526	-2.000	-0.439
8.561	-2.000	-0.440
8.597	-2.000	-0.439
8.632	-2.000	-0.439
8.668	-2.000	-0.440
8.703	-2.000	-0.440
8.738	-2.000	-0.439
8.773	-2.000	-0.440
8.808	-2.000	-0.438
8.843	-2.000	-0.439
8.878	-2.000	-0.439
8.913	-2.000	-0.438
8.948	-2.000	-0.438
8.983	-2.000	-0.440
9.018	-2.000	-0.438
9.053	-2.000	-0.438
9.088	-2.000	-0.438
9.123	-2.000	-0.440
9.158	-2.000	-0.440
9.193	-2.000	-0.438
9.229	-2.000	-0.440
9.264	-2.000	-0.440
9.299	-2.000	-0.439
9.335	-2.000	-0.440
9.370	-2.000	-0.439
9.405	-2.000	-0.440
9.440	-2.000	-0.439
9.476	-2.000	-0.438
9.511	-2.000	-0.439
9.546	-2.000	-0.440
9.581	-2.000	-0.440
9.616	-2.000	-0.440
9.652	-2.000	-0.439
9.688	-2.000	-0.438
9.723	-2.000	-0.438
9.758	-2.000	-0.439
9.793	-2.000	-0.440
9.829	-2.000	-0.440
9.864	-2.000	-0.439
9.899	-2.000	-0.439
9.934	-2.000	-0.439
9.969	-2.000	-0.439
10.004	-2.000	-0.440
10.040	-2.000	-0.439
10.075	-2.000	-0.440
10.110	-2.000	-0.439
10.145	-2.000	-0.449
10.180	-2.000	-0.472
10.215	-2.000	-0.497
10.251	-2.000	-0.518
10.286	-2.000	-0.533
10.321	-2.000	-0.550
10.356	-2.000	-0.563
10.391	-2.000	-0.574
10.426	-2.000	-0.583
10.462	-2.000	-0.592
10.497	-2.000	-0.599
10.532	-2.000	-0.606
10.568	-2.000	-0.612
10.603	-2.000	-0.615
10.638	-2.000	-0.621
10.673	-2.000	-0.624
10.709	-2.000	-0.628
10.744	-2.000	-0.627
10.780	-2.000	-0.631
10.817	-2.000	-0.631
10.852	-2.000	-0.633
10.888	-2.000	-0.635
10.923	-2.000	-0.638
10.958	-2.000	-0.638
10.993	-2.000	-0.640
11.028	-2.000	-0.638
11.063	-2.000	-0.639
11.099	-2.000	-0.640
11.134	-2.000	-0.643
11.170	-2.000	-0.641
11.205	-2.000	-0.640
11.240	-2.000	-0.641
11.276	-2.000	-0.641
11.311	-2.000	-0.642
11.346	-2.000	-0.643
11.381	-2.000	-0.642
11.418	-2.000	-0.643
11.453	-2.000	-0.641
11.488	-2.000	-0.643
11.523	-2.000	-0.644
11.559	-2.000	-0.641
11.595	-2.000	-0.644
11.630	-2.000	-0.643
11.665	-2.000	-0.643
11.700	-2.000	-0.644
11.735	-2.000	-0.642
11.770	-2.000	-0.642
11.805	-2.000	-0.643
11.840	-2.000	-0.642
11.876	-2.000	-0.642
11.911	-2.000	-0.642
11.947	-2.000	-0.643
11.982	-2.000	-0.643
12.018	-2.000	-0.643
12.053	-2.000	-0.643
12.088	-2.000	-0.642
12.123	-2.000	-0.644
12.159	-2.000	-0.641
12.194	-2.000	-0.644
12.229	-2.000	-0.642
12.264	-2.000	-0.643
12.300	-2.000	-0.643
12.335	-2.000	-0.641
12.370	-2.000	-0.641
12.405	-2.000	-0.642
12.440	-2.000	-0.642
12.475	-2.000	-0.643
12.510	-2.000	-0.643
12.546	-2.000	-0.642
12.582	-2.000	-0.643
12.617	-2.000	-0.641
12.652	-2.000	-0.641
12.687	-2.000	-0.643
12.722	-2.000	-0.641
12.757	-2.000	-0.641
12.793	-2.000	-0.644
12.828	-2.000	-0.644
12.863	-2.000	-0.644
12.898	-2.000	-0.643
12.933	-2.000	-0.643
12.969	-2.000	-0.642
13.005	-2.000	-0.643
13.040	-2.000	-0.642
13.075	-2.000	-0.644
13.110	-2.000	-0.642
13.146	-2.000	-0.642
13.181	-2.000	-0.642
13.217	-2.000	-0.643
13.252	-2.000	-0.644
13.288	-2.000	-0.644
13.323	-2.000	-0.642
13.358	-2.000	-0.643
13.393	-2.000	-0.645
13.429	-2.000	-0.644
13.464	-2.000	-0.642
13.499	-2.000	-0.642
13.534	-2.000	-0.643
13.569	-2.000	-0.643
13.604	-2.000	-0.643
13.639	-2.000	-0.644
13.674	-2.000	-0.645
13.709	-2.000	-0.645
13.744	-2.000	-0.643
13.779	-2.000	-0.645
13.814	-2.000	-0.645
13.850	-2.000	-0.646
13.885	-2.000	-0.643
13.921	-2.000	-0.644
13.956	-2.000	-0.645
13.991	-2.000	-0.644
14.027	-2.000	-0.644
14.062	-2.000	-0.645
14.098	-2.000	-0.646
14.133	-2.000	-0.646
14.168	-2.000	-0.645
14.203	-2.000	-0.643
14.239	-2.000	-0.645
14.274	-2.000	-0.645
14.309	-2.000	-0.645
