0.000	0.000	0.000
0.035	0.000	0.000
0.070	0.000	0.000
0.105	0.000	0.000
0.140	0.000	0.000
0.175	0.000	0.000
0.210	0.000	0.000
0.245	0.000	0.000
0.281	0.000	0.000
0.316	0.000	0.000
0.351	0.000	0.000
0.386	0.000	0.000
0.421	0.000	0.000
0.456	0.000	0.000
0.491	0.000	0.000
0.526	0.000	0.000
0.561	0.000	0.000
0.596	0.000	0.000
0.631	0.000	0.000
0.667	0.000	0.000
0.702	0.000	0.000
0.737	0.000	0.000
0.772	0.000	0.000
0.807	0.000	0.000
0.842	0.000	0.000
0.877	0.000	0.000
0.912	0.000	0.000
0.947	0.000	0.000
0.982	0.000	0.000
1.018	0.000	0.000
1.053	0.000	0.000
1.089	0.000	0.000
1.124	0.000	0.000
1.159	0.000	0.000
1.194	0.000	0.000
1.229	0.000	0.000
1.264	0.000	0.000
1.299	0.000	0.000
1.334	0.000	0.000
1.369	0.000	0.000
1.404	0.000	0.000
1.439	0.000	0.000
1.474	0.000	0.000
1.509	0.000	0.000
1.544	0.000	0.000
1.579	0.000	0.000
1.614	0.000	0.000
1.649	0.000	0.000
1.684	0.000	0.000
1.719	0.000	0.000
1.756	0.000	0.000
1.791	0.000	0.000
1.826	0.000	0.000
1.861	0.000	0.000
1.896	0.000	0.000
1.931	0.000	0.000
1.966	0.000	0.000
2.001	0.000	0.000
2.036	0.000	0.000
2.071	0.000	0.000
2.106	0.000	0.000
2.141	0.000	0.000
2.176	0.000	0.000
2.212	0.000	0.000
2.247	0.000	0.000
2.282	0.000	0.000
2.317	0.000	0.000
2.352	0.000	0.000
2.387	0.000	0.000
2.423	0.000	0.000
2.458	0.000	0.000
2.493	0.000	0.000
2.528	0.000	0.000
2.563	0.000	0.000
2.598	0.000	0.000
2.634	0.000	0.000
2.669	0.000	0.000
2.704	0.000	0.000
2.739	0.000	0.000
2.775	0.000	0.000
2.810	0.000	0.000
2.845	0.000	0.000
2.881	0.000	0.000
2.916	0.000	0.000
2.951	0.000	0.000
2.986	0.000	0.000
3.021	0.000	0.000
3.056	0.000	0.000
3.091	0.000	0.000
3.126	0.000	0.000
3.161	0.000	0.000
3.196	0.000	0.000
3.231	0.000	0.000
3.266	0.000	0.000
3.301	0.000	0.000
3.336	0.000	0.000
3.371	0.000	0.000
3.406	0.000	0.000
3.441	0.000	0.000
3.476	0.000	0.000
3.512	0.000	0.000
3.547	0.000	0.000
3.582	0.000	0.000
3.617	0.000	0.000
3.652	0.000	0.000
3.688	0.000	0.000
3.723	0.000	0.000
3.760	0.000	0.000
3.795	0.000	0.000
3.831	0.000	0.000
3.866	0.000	0.000
3.901	0.000	0.000
3.936	0.000	0.000
3.971	0.000	0.000
4.006	0.000	0.000
4.041	0.000	0.000
4.077	0.000	0.000
4.114	0.000	0.000
4.149	0.000	0.000
4.185	0.000	0.000
4.220	0.000	0.000
4.255	0.000	0.000
4.291	0.000	0.000
4.326	0.000	0.000
4.361	0.000	0.000
4.397	0.000	0.000
4.432	0.000	0.000
4.467	0.000	0.000
4.502	0.000	0.000
4.537	0.000	0.000
4.572	0.000	0.000
4.607	0.000	0.000
4.642	0.000	0.000
4.678	0.000	0.000
4.713	0.000	0.000
4.749	0.000	0.000
4.784	0.000	0.000
4.820	0.000	0.000
4.855	0.000	0.000
4.890	0.000	0.000
4.925	0.000	0.000
4.960	0.000	0.000
4.995	0.000	0.000
5.030	0.000	0.000
5.065	0.000	0.000
5.100	0.000	0.000
5.135	0.000	0.000
5.170	0.000	0.000
5.205	0.000	0.000
5.240	0.000	0.000
5.275	0.000	0.000
5.310	0.000	0.000
5.345	0.000	0.000
5.380	0.000	0.000
5.415	0.000	0.000
5.451	0.000	0.000
5.486	0.000	0.000
5.521	0.000	0.000
5.556	0.000	0.000
5.592	0.000	0.000
5.627	0.000	0.000
5.662	0.000	0.000
5.699	0.000	0.000
5.734	0.000	0.000
5.769	0.000	0.000
5.804	0.000	0.000
5.839	0.000	0.000
5.874	0.000	0.000
5.909	0.000	0.000
5.945	0.000	0.000
5.980	0.000	0.000
6.015	0.000	0.000
6.051	0.000	0.000
6.087	0.000	0.000
6.122	0.000	0.000
6.158	0.000	0.000
6.193	0.000	0.000
6.228	0.000	0.000
6.264	0.000	0.000
6.299	0.000	0.000
6.334	0.000	0.000
6.370	0.000	0.000
6.405	0.000	0.000
6.440	0.000	0.000
6.475	0.000	0.000
6.510	0.000	0.000
6.546	0.000	0.000
6.581	0.000	0.000
6.616	0.000	0.000
6.651	0.000	0.000
6.686	0.000	0.000
6.722	0.000	0.000
6.757	0.000	0.000
6.792	0.000	0.000
6.827	0.000	0.000
6.862	0.000	0.000
6.898	0.000	0.000
6.933	0.000	0.000
6.969	0.000	0.000
7.004	0.000	0.000
7.039	0.000	0.000
7.074	0.000	0.000
7.109	0.000	0.000
7.144	0.000	0.000
7.180	0.000	0.000
7.215	0.000	0.000
7.250	0.000	0.000
7.285	0.000	0.000
7.320	0.000	0.000
7.355	0.000	0.000
7.390	0.000	0.000
7.425	0.000	0.000
7.460	0.000	0.000
7.496	0.000	0.000
7.531	0.000	0.000
7.566	0.000	0.000
7.601	0.000	0.000
7.636	0.000	0.000
7.671	0.000	0.000
7.706	0.000	0.000
7.742	0.000	0.000
7.778	0.000	0.000
7.813	0.000	0.000
7.848	0.000	0.000
7.883	0.000	0.000
7.919	0.000	0.000
7.954	0.000	0.000
7.989	0.000	0.000
8.024	0.000	0.000
8.059	0.000	0.000
8.094	0.000	0.000
8.129	0.000	0.000
8.164	0.000	0.000
8.199	0.000	0.000
8.235	0.000	0.000
8.270	0.000	0.000
8.305	0.000	0.000
8.340	0.000	0.000
8.375	0.000	0.000
8.410	0.000	0.000
8.445	0.000	0.000
8.481	0.000	0.000
8.516	0.000	0.000
8.551	0.000	0.000
8.586	0.000	0.000
8.621	0.000	0.000
8.656	0.000	0.000
8.691	0.000	0.000
8.726	0.000	0.000
8.762	0.000	0.000
8.797	0.000	0.000
8.832	0.000	0.000
8.867	0.000	0.000
8.902	0.000	0.000
8.937	0.000	0.000
8.972	0.000	0.000
9.008	0.000	0.000
9.043	0.000	0.000
9.078	0.000	0.000
9.113	0.000	0.000
9.148	0.000	0.000
9.184	0.000	0.000
9.219	0.000	0.000
9.254	0.000	0.000
9.289	0.000	0.000
9.324	0.000	0.000
9.359	0.000	0.000
9.395	0.000	0.000
9.430	0.000	0.000
9.465	0.000	0.000
9.500	0.000	0.000
9.535	0.000	0.000
9.571	0.000	0.000
9.606	0.000	0.000
9.641	0.000	0.000
9.676	0.000	0.000
9.711	0.000	0.000
9.746	0.000	0.000
9.781	0.000	0.000
9.816	0.000	0.000
9.852	0.000	0.000
9.887	0.000	0.000
9.922	0.000	0.000
9.957	0.000	0.000
9.992	0.000	0.000
10.027	0.000	0.000
10.062	0.000	0.000
10.098	0.000	0.000
10.133	0.000	0.000
10.168	0.000	0.000
10.203	0.000	0.000
10.239	0.000	0.000
10.275	0.000	0.000
10.310	0.000	0.000
10.345	0.000	0.000
10.380	0.000	0.000
10.415	0.000	0.000
10.450	0.000	0.000
10.485	0.000	0.000
10.520	0.000	0.000
10.556	0.000	0.000
10.591	0.000	0.000
10.627	0.000	0.000
10.662	0.000	0.000
10.697	0.000	0.000
10.732	0.000	0.000
10.767	0.000	0.000
10.802	0.000	0.000
10.837	0.000	0.000
10.872	0.000	0.000
10.907	0.000	0.000
10.942	0.000	0.000
10.978	0.000	0.000
11.014	0.000	0.000
11.049	0.000	0.000
11.085	0.000	0.000
11.120	0.000	0.000
11.155	0.000	0.000
11.190	0.000	0.000
11.225	0.000	0.000
11.260	0.000	0.000
11.296	0.000	0.000
11.331	0.000	0.000
11.366	0.000	0.000
11.402	0.000	0.000
11.437	0.000	0.000
11.472	0.000	0.000
11.508	0.000	0.000
11.543	0.000	0.000
11.578	0.000	0.000
11.613	0.000	0.000
11.649	0.000	0.000
11.684	0.000	0.000
11.719	0.000	0.000
11.754	0.000	0.000
11.789	0.000	0.000
11.824	0.000	0.000
11.859	0.000	0.000
11.894	0.000	0.000
11.929	0.000	0.000
11.964	0.000	0.000
12.000	0.000	0.000
12.035	0.000	0.000
12.070	0.000	0.000
12.105	0.000	0.000
12.140	0.000	0.000
12.175	0.000	0.000
12.210	0.000	0.000
12.245	0.000	0.000
12.280	0.000	0.000
12.315	0.000	0.000
12.350	0.000	0.000
12.386	0.000	0.000
12.422	0.000	0.000
12.457	0.000	0.000
12.492	0.000	0.000
12.528	0.000	0.000
12.563	0.000	0.000
12.599	0.000	0.000
12.634	0.000	0.000
12.669	0.000	0.000
12.704	0.000	0.000
12.739	0.000	0.000
12.774	0.000	0.000
12.809	0.000	0.000
12.844	0.000	0.000
12.879	0.000	0.000
12.914	0.000	0.000
12.950	0.000	0.000
12.986	0.000	0.000
13.021	0.000	0.000
13.056	0.000	0.000
13.091	0.000	0.000
13.126	0.000	0.000
13.161	0.000	0.000
13.196	0.000	0.000
13.231	0.000	0.000
13.266	0.000	0.000
13.302	0.000	0.000
13.337	0.000	0.000
13.372	0.000	0.000
13.407	0.000	0.000
13.442	0.000	0.000
13.477	0.000	0.000
13.512	0.000	0.000
13.547	0.000	0.000
13.582	0.000	0.000
13.617	0.000	0.000
13.652	0.000	0.000
13.687	0.000	0.000
13.722	0.000	0.000
13.757	0.000	0.000
13.792	0.000	0.000
13.827	0.000	0.000
13.862	0.000	0.000
13.897	0.000	0.000
13.932	0.000	0.000
13.967	0.000	0.000
14.002	0.000	0.000
14.038	0.000	0.000
14.073	0.000	0.000
14.108	0.000	0.000
14.143	0.000	0.000
14.178	0.000	0.000
14.214	0.000	0.000
14.249	0.000	0.000
14.284	0.000	0.000
14.319	0.000	0.000
14.354	0.000	0.000
14.389	0.000	0.000
14.424	0.000	0.000
14.459	0.000	0.000
14.494	0.000	0.000
14.530	0.000	0.000
14.565	0.000	0.000
14.600	0.000	0.000
14.635	0.000	0.000
14.670	0.000	0.000
14.705	0.000	0.000
14.740	0.000	0.000
14.775	0.000	0.000
14.810	0.000	0.000
14.845	0.000	0.000
14.880	0.000	0.000
14.915	0.000	0.000
14.950	0.000	0.000
14.986	0.000	0.000
15.021	0.000	0.000
15.056	0.000	0.000
15.091	0.000	0.000
15.126	0.000	0.000
15.161	0.000	0.000
15.197	0.000	0.000
15.232	0.000	0.000
15.267	0.000	0.000
15.302	0.000	0.000
15.337	0.000	0.000
15.372	0.000	0.000
15.407	0.000	0.000
15.442	0.000	0.000
15.477	0.000	0.000
15.512	0.000	0.000
15.547	0.000	0.000
15.582	0.000	0.000
15.618	0.000	0.000
15.653	0.000	0.000
15.688	0.000	0.000
15.723	0.000	0.000
15.758	0.000	0.000
15.793	0.000	0.000
15.828	0.000	0.000
15.864	0.000	0.000
15.900	0.000	0.000
15.936	0.000	0.000
15.971	0.000	0.000
16.007	0.000	0.000
16.042	0.000	0.000
16.077	0.000	0.000
16.112	0.000	0.000
16.147	0.000	0.000
16.182	0.000	0.000
16.217	0.000	0.000
16.252	0.000	0.000
16.288	0.000	0.000
16.323	0.000	0.000
16.358	0.000	0.000
16.393	0.000	0.000
16.428	0.000	0.000
16.463	0.000	0.000
16.498	0.000	0.000
16.533	0.000	0.000
16.568	0.000	0.000
16.604	0.000	0.000
16.640	0.000	0.000
16.675	0.000	0.000
16.710	0.000	0.000
16.745	0.000	0.000
16.780	0.000	0.000
16.816	0.000	0.000
16.851	0.000	0.000
16.886	0.000	0.000
16.922	0.000	0.000
16.957	0.000	0.000
16.992	0.000	0.000
17.027	0.000	0.000
17.062	0.000	0.000
17.097	0.000	0.000
17.132	0.000	0.000
17.167	0.000	0.000
17.202	0.000	0.000
17.237	0.000	0.000
17.272	0.000	0.000
17.307	0.000	0.000
17.342	0.000	0.000
17.377	0.000	0.000
17.412	0.000	0.000
17.447	0.000	0.000
17.482	0.000	0.000
17.517	0.000	0.000
17.553	0.000	0.000
17.589	0.000	0.000
17.624	0.000	0.000
17.659	0.000	0.000
17.695	0.000	0.000
17.730	0.000	0.000
17.765	0.000	0.000
17.800	0.000	0.000
17.835	0.000	0.000
17.870	0.000	0.000
17.905	0.000	0.000
17.940	0.000	0.000
17.975	0.000	0.000
18.010	0.000	0.000
18.045	0.000	0.000
18.081	0.000	0.000
18.116	0.000	0.000
18.152	0.000	0.000
18.187	0.000	0.000
18.222	0.000	0.000
18.257	0.000	0.000
18.292	0.000	0.000
18.327	0.000	0.000
18.362	0.000	0.000
18.397	0.000	0.000
18.432	0.000	0.000
18.467	0.000	0.000
18.502	0.000	0.000
18.538	0.000	0.000
18.574	0.000	0.000
18.610	0.000	0.000
18.645	0.000	0.000
18.680	0.000	0.000
18.716	0.000	0.000
18.751	0.000	0.000
18.787	0.000	0.000
18.824	0.000	0.000
18.859	0.000	0.000
18.894	0.000	0.000
18.929	0.000	0.000
18.964	0.000	0.000
18.999	0.000	0.000
19.034	0.000	0.000
19.070	0.000	0.000
19.106	0.000	0.000
19.141	0.000	0.000
19.176	0.000	0.000
19.211	0.000	0.000
19.246	0.000	0.000
19.281	0.000	0.000
19.316	0.000	0.000
19.351	0.000	0.000
19.386	0.000	0.000
19.422	0.000	0.000
19.457	0.000	0.000
19.492	0.000	0.000
19.527	0.000	0.000
19.562	0.000	0.000
19.597	0.000	0.000
19.632	0.000	0.000
19.667	0.000	0.000
19.702	0.000	0.000
19.737	0.000	0.000
19.772	0.000	0.000
19.807	0.000	0.000
19.842	0.000	0.000
19.877	0.000	0.000
19.912	0.000	0.000
19.947	0.000	0.000
19.982	0.000	0.000
20.017	0.000	0.000
20.052	0.000	0.000
20.087	0.000	0.000
20.122	0.000	0.000
20.157	0.000	0.000
20.192	0.000	0.000
20.228	0.000	0.000
20.264	0.000	0.000
20.299	0.000	0.000
20.334	0.000	0.000
20.369	0.000	0.000
20.404	0.000	0.000
20.439	0.000	0.000
20.474	0.000	0.000
20.509	0.000	0.000
20.544	0.000	0.000
20.579	0.000	0.000
20.615	0.000	0.000
20.650	0.000	0.000
20.685	0.000	0.000
20.720	0.000	0.000
20.755	0.000	0.000
20.790	0.000	0.000
20.825	0.000	0.000
20.860	0.000	0.000
20.896	0.000	0.000
20.931	0.000	0.000
20.966	0.000	0.000
21.001	0.000	0.000
21.036	0.000	0.000
21.071	0.000	0.000
21.106	0.000	0.000
21.141	0.000	0.000
21.176	0.000	0.000
21.211	0.000	0.000
21.246	0.000	0.000
21.281	0.000	0.000
21.316	0.000	0.000
21.352	0.000	0.000
21.387	0.000	0.000
21.422	0.000	0.000
21.457	0.000	0.000
21.492	0.000	0.000
21.527	0.000	0.000
21.562	0.000	0.000
21.597	0.000	0.000
21.632	0.000	0.000
21.667	0.000	0.000
21.702	0.000	0.000
21.737	0.000	0.000
21.772	0.000	0.000
21.807	0.000	0.000
21.842	0.000	0.000
21.877	0.000	0.000
21.912	0.000	0.000
21.947	0.000	0.000
21.982	0.000	0.000
22.018	0.000	0.000
22.053	0.000	0.000
22.089	0.000	0.000
22.124	0.000	0.000
22.159	0.000	0.000
22.194	0.000	0.000
22.229	0.000	0.000
22.264	0.000	0.000
22.299	0.000	0.000
22.334	0.000	0.000
22.369	0.000	0.000
22.404	0.000	0.000
22.439	0.000	0.000
22.474	0.000	0.000
22.509	0.000	0.000
22.545	0.000	0.000
22.580	0.000	0.000
22.615	0.000	0.000
22.651	0.000	0.000
22.686	0.000	0.000
22.721	0.000	0.000
22.756	0.000	0.000
22.791	0.000	0.000
22.826	0.000	0.000
22.861	0.000	0.000
22.897	0.000	0.000
22.932	0.000	0.000
22.967	0.000	0.000
23.003	0.000	0.000
23.038	0.000	0.000
23.073	0.000	0.000
23.108	0.000	0.000
23.144	0.000	0.000
23.179	0.000	0.000
23.214	0.000	0.000
23.249	0.000	0.000
23.284	0.000	0.000
23.320	0.000	0.000
23.355	0.000	0.000
23.390	0.000	0.000
23.425	0.000	0.000
23.460	0.000	0.000
23.497	0.000	0.000
23.532	0.000	0.000
23.567	0.000	0.000
23.602	0.000	0.000
23.637	0.000	0.000
23.672	0.000	0.000
23.707	0.000	0.000
23.742	0.000	0.000
23.778	0.000	0.000
23.813	0.000	0.000
23.848	0.000	0.000
23.884	0.000	0.000
23.919	0.000	0.000
23.954	0.000	0.000
23.990	0.000	0.000
24.025	0.000	0.000
24.060	0.000	0.000
24.096	0.000	0.000
24.131	0.000	0.000
24.167	0.000	0.000
24.202	0.000	0.000
24.238	0.000	0.000
24.273	0.000	0.000
24.308	0.000	0.000
24.343	0.000	0.000
24.378	0.000	0.000
24.413	0.000	0.000
24.448	0.000	0.000
24.483	0.000	0.000
24.518	0.000	0.000
24.553	0.000	0.000
24.588	0.000	0.000
24.623	0.000	0.000
24.658	0.000	0.000
24.693	0.000	0.000
24.728	0.000	0.000
24.763	0.000	0.000
24.798	0.000	0.000
24.835	0.000	0.000
24.870	0.000	0.000
24.905	0.000	0.000
24.940	0.000	0.000
24.976	0.000	0.000
25.011	0.000	0.000
25.046	0.000	0.000
25.081	0.000	0.000
25.116	0.000	0.000
25.152	0.000	0.000
25.187	0.000	0.000
25.222	0.000	0.000
25.257	0.000	0.000
25.292	0.000	0.000
25.327	0.000	0.000
25.362	0.000	0.000
25.397	0.000	0.000
25.433	0.000	0.000
25.468	0.000	0.000
25.503	0.000	0.000
25.538	0.000	0.000
25.573	0.000	0.000
25.608	0.000	0.000
25.643	0.000	0.000
25.678	0.000	0.000
25.713	0.000	0.000
25.748	0.000	0.000
25.783	0.000	0.000
25.818	0.000	0.000
25.853	0.000	0.000
25.889	0.000	0.000
25.924	0.000	0.000
25.959	0.000	0.000
25.994	0.000	0.000
26.030	0.000	0.000
26.065	0.000	0.000
26.100	0.000	0.000
26.135	0.000	0.000
26.170	0.000	0.000
26.205	0.000	0.000
26.240	0.000	0.000
26.276	0.000	0.000
26.311	0.000	0.000
26.346	0.000	0.000
26.382	0.000	0.000
26.417	0.000	0.000
26.452	0.000	0.000
26.487	0.000	0.000
26.522	0.000	0.000
26.557	0.000	0.000
26.592	0.000	0.000
26.627	0.000	0.000
26.662	0.000	0.000
26.698	0.000	0.000
26.733	0.000	0.000
26.769	0.000	0.000
26.804	0.000	0.000
26.839	0.000	0.000
26.874	0.000	0.000
26.909	0.000	0.000
26.944	0.000	0.000
26.979	0.000	0.000
27.016	0.000	0.000
27.051	0.000	0.000
27.086	0.000	0.000
27.121	0.000	0.000
27.156	0.000	0.000
27.191	0.000	0.000
27.226	0.000	0.000
27.261	0.000	0.000
27.296	0.000	0.000
27.331	0.000	0.000
27.366	0.000	0.000
27.401	0.000	0.000
27.436	0.000	0.000
27.471	0.000	0.000
27.506	0.000	0.000
27.541	0.000	0.000
27.576	0.000	0.000
27.611	0.000	0.000
27.646	0.000	0.000
27.681	0.000	0.000
27.716	5.000	0.000
27.751	5.000	0.000
27.786	5.000	0.073
27.821	5.000	0.209
27.856	5.000	0.335
27.891	5.000	0.446
27.926	5.000	0.542
27.961	5.000	0.626
27.996	5.000	0.696
28.031	5.000	0.757
28.067	5.000	0.812
28.102	5.000	0.857
28.137	5.000	0.896
28.172	5.000	0.927
28.207	5.000	0.957
28.242	5.000	0.985
28.278	5.000	1.005
28.313	5.000	1.019
28.348	5.000	1.037
28.384	5.000	1.051
28.419	5.000	1.064
28.454	5.000	1.071
28.489	5.000	1.079
28.524	5.000	1.088
28.559	5.000	1.094
28.594	5.000	1.100
28.630	5.000	1.105
28.665	5.000	1.110
28.700	5.000	1.114
28.735	5.000	1.114
28.770	5.000	1.117
28.805	5.000	1.120
28.840	5.000	1.123
28.875	5.000	1.124
28.910	5.000	1.125
28.945	5.000	1.124
28.980	5.000	1.126
29.015	5.000	1.130
29.050	5.000	1.130
29.085	5.000	1.128
29.120	5.000	1.131
29.155	5.000	1.130
29.190	5.000	1.132
29.225	5.000	1.130
29.260	5.000	1.132
29.295	5.000	1.131
29.330	5.000	1.130
29.365	5.000	1.131
29.400	5.000	1.132
29.436	5.000	1.131
29.471	5.000	1.131
29.506	5.000	1.130
29.541	5.000	1.132
29.576	5.000	1.131
29.612	5.000	1.132
29.647	5.000	1.130
29.682	5.000	1.132
29.717	5.000	1.133
29.752	5.000	1.132
29.787	5.000	1.133
29.822	5.000	1.131
29.857	5.000	1.132
29.892	5.000	1.131
29.927	5.000	1.132
29.962	5.000	1.132
29.997	5.000	1.131
30.032	5.000	1.132
30.067	5.000	1.132
30.102	5.000	1.131
30.138	5.000	1.131
30.173	5.000	1.130
30.209	5.000	1.135
30.244	5.000	1.133
30.279	5.000	1.132
30.314	5.000	1.131
30.349	5.000	1.133
30.384	5.000	1.132
30.419	5.000	1.135
30.454	5.000	1.132
30.489	5.000	1.132
30.524	5.000	1.134
30.559	5.000	1.132
30.595	5.000	1.131
30.630	5.000	1.132
30.665	5.000	1.132
30.700	5.000	1.133
30.735	5.000	1.133
30.770	5.000	1.133
30.805	5.000	1.131
30.840	5.000	1.132
30.875	5.000	1.134
30.910	5.000	1.134
30.945	5.000	1.130
30.980	5.000	1.131
31.016	5.000	1.130
31.052	5.000	1.130
31.087	5.000	1.130
31.122	5.000	1.133
31.157	5.000	1.133
31.192	5.000	1.130
31.227	5.000	1.131
31.262	5.000	1.129
31.297	5.000	1.130
31.332	5.000	1.129
31.367	5.000	1.129
31.402	5.000	1.129
31.437	5.000	1.129
31.472	5.000	1.129
31.507	5.000	1.129
31.542	5.000	1.131
31.578	5.000	1.128
31.613	5.000	1.128
31.648	5.000	1.132
31.683	5.000	1.131
31.718	5.000	1.132
31.753	5.000	1.130
31.789	5.000	1.131
31.824	5.000	1.129
31.860	5.000	1.131
31.895	5.000	1.130
31.931	5.000	1.131
31.966	5.000	1.134
32.001	5.000	1.135
32.036	5.000	1.131
32.071	5.000	1.131
32.106	5.000	1.131
32.142	5.000	1.132
32.177	5.000	1.132
32.212	5.000	1.133
32.247	5.000	1.131
32.282	5.000	1.132
32.317	5.000	1.131
32.352	5.000	1.131
32.387	5.000	1.132
32.422	5.000	1.133
32.457	5.000	1.133
32.492	5.000	1.131
32.527	5.000	1.129
32.562	5.000	1.132
32.598	5.000	1.129
32.634	5.000	1.133
32.669	5.000	1.128
32.704	5.000	1.128
32.739	5.000	1.129
32.774	5.000	1.131
32.809	5.000	1.131
32.844	5.000	1.127
32.879	5.000	1.127
32.915	5.000	1.129
32.950	5.000	1.130
32.985	5.000	1.129
33.020	5.000	1.129
33.056	5.000	1.126
33.091	5.000	1.127
33.126	5.000	1.126
33.161	5.000	1.128
33.196	5.000	1.130
33.231	5.000	1.131
33.267	5.000	1.128
33.302	5.000	1.129
33.337	5.000	1.130
33.372	5.000	1.130
33.407	5.000	1.129
33.442	5.000	1.129
33.477	5.000	1.116
33.512	5.000	1.093
33.548	5.000	1.070
33.583	5.000	1.052
33.619	5.000	1.035
33.654	5.000	1.021
33.689	5.000	1.008
33.724	5.000	0.994
33.759	5.000	0.984
33.794	5.000	0.977
33.829	5.000	0.970
33.864	5.000	0.964
33.899	5.000	0.959
33.934	5.000	0.954
33.970	5.000	0.949
34.006	5.000	0.947
34.041	5.000	0.943
34.076	5.000	0.941
34.111	5.000	0.941
34.146	5.000	0.940
34.182	5.000	0.938
34.217	5.000	0.934
34.253	5.000	0.936
34.289	5.000	0.931
34.324	5.000	0.932
34.359	5.000	0.931
34.394	5.000	0.930
34.430	5.000	0.930
34.465	5.000	0.932
34.500	5.000	0.929
34.535	5.000	0.928
34.570	5.000	0.930
34.605	5.000	0.928
34.640	5.000	0.929
34.676	5.000	0.928
34.711	5.000	0.929
34.746	5.000	0.928
34.781	5.000	0.928
34.816	5.000	0.929
34.851	5.000	0.929
34.886	5.000	0.927
34.921	5.000	0.928
34.956	5.000	0.929
34.991	5.000	0.926
35.027	5.000	0.929
35.062	5.000	0.926
35.097	5.000	0.928
35.132	5.000	0.928
35.167	5.000	0.928
35.202	5.000	0.926
35.237	5.000	0.926
35.272	5.000	0.927
35.307	5.000	0.927
35.342	5.000	0.928
35.377	5.000	0.927
35.412	5.000	0.927
35.447	5.000	0.927
35.482	5.000	0.927
35.517	5.000	0.927
35.552	5.000	0.926
35.587	5.000	0.925
35.622	5.000	0.926
35.657	5.000	0.924
35.692	5.000	0.925
35.727	5.000	0.924
35.762	5.000	0.926
35.797	5.000	0.925
35.832	5.000	0.924
35.867	5.000	0.925
35.902	5.000	0.925
35.937	5.000	0.925
35.972	5.000	0.925
36.007	5.000	0.924
36.042	5.000	0.924
36.077	5.000	0.925
36.112	5.000	0.926
36.147	5.000	0.927
36.182	5.000	0.926
36.217	5.000	0.926
36.253	5.000	0.926
36.288	5.000	0.925
36.323	5.000	0.925
36.359	5.000	0.926
36.394	5.000	0.926
36.429	5.000	0.929
36.464	5.000	0.926
36.499	5.000	0.927
36.535	5.000	0.926
36.570	5.000	0.928
36.605	5.000	0.927
36.640	5.000	0.926
36.675	5.000	0.927
36.710	5.000	0.929
36.745	5.000	0.929
36.781	5.000	0.928
36.816	5.000	0.927
36.852	5.000	0.928
36.887	5.000	0.928
36.923	5.000	0.929
36.959	5.000	0.928
36.994	5.000	0.929
37.029	5.000	0.927
37.064	5.000	0.927
37.099	5.000	0.928
37.134	5.000	0.928
37.169	5.000	0.927
37.204	5.000	0.930
37.239	5.000	0.928
37.274	5.000	0.928
37.309	5.000	0.926
37.344	5.000	0.926
37.379	5.000	0.928
37.414	5.000	0.926
37.449	5.000	0.926
37.484	5.000	0.926
37.520	5.000	0.927
37.555	5.000	0.928
37.590	5.000	0.928
37.625	5.000	0.928
37.660	5.000	0.926
37.695	5.000	0.925
37.730	5.000	0.926
37.766	5.000	0.926
37.801	5.000	0.924
37.836	5.000	0.925
37.871	5.000	0.925
37.907	5.000	0.925
37.942	5.000	0.926
37.977	5.000	0.926
38.012	5.000	0.925
38.047	5.000	0.925
38.082	5.000	0.926
38.117	5.000	0.924
38.153	5.000	0.924
38.189	5.000	0.923
38.224	5.000	0.924
38.259	5.000	0.924
38.294	5.000	0.926
38.329	5.000	0.925
38.364	5.000	0.925
38.399	5.000	0.926
38.434	5.000	0.924
38.469	5.000	0.923
38.504	5.000	0.923
38.539	5.000	0.924
38.575	5.000	0.924
38.610	5.000	0.925
38.645	5.000	0.924
38.680	5.000	0.925
38.715	5.000	0.924
38.750	5.000	0.924
38.785	5.000	0.924
