0.000	0.000	0.000
0.035	0.000	0.000
0.070	0.000	0.000
0.105	0.000	0.000
0.140	0.000	0.000
0.176	0.000	0.000
0.211	0.000	0.000
0.247	0.000	0.000
0.282	0.000	0.000
0.317	0.000	0.000
0.352	0.000	0.000
0.387	0.000	0.000
0.422	0.000	0.000
0.457	0.000	0.000
0.492	0.000	0.000
0.527	0.000	0.000
0.562	0.000	0.000
0.598	0.000	0.000
0.633	0.000	0.000
0.668	0.000	0.000
0.703	0.000	0.000
0.738	0.000	0.000
0.773	0.000	0.000
0.808	0.000	0.000
0.843	0.000	0.000
0.878	0.000	0.000
0.913	0.000	0.000
0.948	0.000	0.000
0.983	0.000	0.000
1.018	0.000	0.000
1.053	0.000	0.000
1.090	0.000	0.000
1.125	0.000	0.000
1.160	0.000	0.000
1.195	0.000	0.000
1.230	0.000	0.000
1.265	0.000	0.000
1.300	0.000	0.000
1.335	0.000	0.000
1.370	0.000	0.000
1.405	0.000	0.000
1.440	0.000	0.000
1.475	0.000	0.000
1.510	0.000	0.000
1.545	0.000	0.000
1.580	0.000	0.000
1.615	0.000	0.000
1.651	0.000	0.000
1.686	0.000	0.000
1.721	0.000	0.000
1.756	0.000	0.000
1.791	0.000	0.000
1.827	0.000	0.000
1.862	0.000	0.000
1.897	0.000	0.000
1.932	0.000	0.000
1.967	0.000	0.000
2.002	0.000	0.000
2.037	0.000	0.000
2.072	0.000	0.000
2.107	0.000	0.000
2.142	0.000	0.000
2.178	0.000	0.000
2.213	0.000	0.000
2.248	0.000	0.000
2.283	0.000	0.000
2.318	0.000	0.000
2.353	0.000	0.000
2.388	0.000	0.000
2.423	0.000	0.000
2.458	0.000	0.000
2.493	0.000	0.000
2.528	0.000	0.000
2.563	0.000	0.000
2.599	0.000	0.000
2.634	0.000	0.000
2.669	0.000	0.000
2.704	0.000	0.000
2.739	0.000	0.000
2.774	0.000	0.000
2.809	0.000	0.000
2.844	0.000	0.000
2.879	0.000	0.000
2.914	0.000	0.000
2.949	0.000	0.000
2.984	0.000	0.000
3.020	0.000	0.000
3.056	0.000	0.000
3.091	0.000	0.000
3.126	0.000	0.000
3.161	0.000	0.000
3.196	0.000	0.000
3.231	0.000	0.000
3.266	0.000	0.000
3.301	0.000	0.000
3.337	0.000	0.000
3.372	0.000	0.000
3.408	0.000	0.000
3.444	0.000	0.000
3.479	0.000	0.000
3.514	0.000	0.000
3.550	0.000	0.000
3.585	0.000	0.000
3.620	0.000	0.000
3.656	0.000	0.000
3.692	0.000	0.000
3.727	0.000	0.000
3.763	0.000	0.000
3.798	0.000	0.000
3.834	0.000	0.000
3.869	0.000	0.000
3.905	0.000	0.000
3.940	0.000	0.000
3.975	0.000	0.000
4.011	0.000	0.000
4.046	0.000	0.000
4.081	0.000	0.000
4.117	0.000	0.000
4.152	0.000	0.000
4.187	0.000	0.000
4.222	0.000	0.000
4.257	0.000	0.000
4.292	0.000	0.000
4.327	0.000	0.000
4.362	0.000	0.000
4.397	0.000	0.000
4.432	0.000	0.000
4.467	0.000	0.000
4.502	0.000	0.000
4.537	0.000	0.000
4.572	0.000	0.000
4.607	0.000	0.000
4.642	0.000	0.000
4.677	0.000	0.000
4.712	0.000	0.000
4.747	0.000	0.000
4.782	0.000	0.000
4.817	0.000	0.000
4.852	0.000	0.000
4.888	0.000	0.000
4.923	0.000	0.000
4.958	0.000	0.000
4.993	0.000	0.000
5.028	0.000	0.000
5.063	0.000	0.000
5.098	0.000	0.000
5.133	0.000	0.000
5.169	0.000	0.000
5.204	0.000	0.000
5.239	0.000	0.000
5.274	0.000	0.000
5.310	0.000	0.000
5.345	0.000	0.000
5.380	0.000	0.000
5.415	0.000	0.000
5.450	0.000	0.000
5.485	0.000	0.000
5.520	0.000	0.000
5.555	0.000	0.000
5.590	0.000	0.000
5.625	0.000	0.000
5.660	0.000	0.000
5.695	0.000	0.000
5.730	0.000	0.000
5.765	0.000	0.000
5.800	0.000	0.000
5.835	0.000	0.000
5.870	0.000	0.000
5.907	0.000	0.000
5.942	0.000	0.000
5.977	0.000	0.000
6.013	0.000	0.000
6.048	0.000	0.000
6.083	0.000	0.000
6.118	0.000	0.000
6.153	0.000	0.000
6.188	0.000	0.000
6.223	0.000	0.000
6.258	0.000	0.000
6.293	0.000	0.000
6.328	0.000	0.000
6.363	0.000	0.000
6.398	0.000	0.000
6.433	0.000	0.000
6.468	0.000	0.000
6.503	0.000	0.000
6.538	0.000	0.000
6.573	0.000	0.000
6.608	0.000	0.000
6.643	0.000	0.000
6.678	0.000	0.000
6.713	0.000	0.000
6.748	0.000	0.000
6.783	0.000	0.000
6.819	0.000	0.000
6.854	0.000	0.000
6.889	0.000	0.000
6.924	0.000	0.000
6.960	-5.000	0.000
6.995	-5.000	0.000
7.030	-5.000	-0.071
7.065	-5.000	-0.203
7.100	-5.000	-0.330
7.135	-5.000	-0.442
7.170	-5.000	-0.536
7.205	-5.000	-0.622
7.240	-5.000	-0.695
7.276	-5.000	-0.756
7.311	-5.000	-0.805
7.347	-5.000	-0.851
7.382	-5.000	-0.892
7.418	-5.000	-0.926
7.453	-5.000	-0.952
7.488	-5.000	-0.981
7.523	-5.000	-0.998
7.558	-5.000	-1.017
7.593	-5.000	-1.033
7.628	-5.000	-1.051
7.663	-5.000	-1.059
7.698	-5.000	-1.071
7.733	-5.000	-1.078
7.768	-5.000	-1.084
7.803	-5.000	-1.092
7.838	-5.000	-1.099
7.873	-5.000	-1.102
7.908	-5.000	-1.107
7.943	-5.000	-1.109
7.978	-5.000	-1.113
8.013	-5.000	-1.116
8.048	-5.000	-1.118
8.083	-5.000	-1.120
8.118	-5.000	-1.123
8.153	-5.000	-1.123
8.188	-5.000	-1.124
8.223	-5.000	-1.122
8.258	-5.000	-1.124
8.293	-5.000	-1.125
8.329	-5.000	-1.126
8.364	-5.000	-1.129
8.399	-5.000	-1.131
8.435	-5.000	-1.129
8.471	-5.000	-1.127
8.507	-5.000	-1.129
8.542	-5.000	-1.131
8.577	-5.000	-1.130
8.612	-5.000	-1.130
8.649	-5.000	-1.131
8.685	-5.000	-1.130
8.720	-5.000	-1.132
8.755	-5.000	-1.133
8.790	-5.000	-1.132
8.825	-5.000	-1.132
8.860	-5.000	-1.133
8.896	-5.000	-1.131
8.931	-5.000	-1.134
8.967	-5.000	-1.132
9.003	-5.000	-1.130
9.038	-5.000	-1.132
9.073	-5.000	-1.132
9.108	-5.000	-1.134
9.143	-5.000	-1.132
9.178	-5.000	-1.132
9.213	-5.000	-1.131
9.249	-5.000	-1.131
9.284	-5.000	-1.131
9.319	-5.000	-1.133
9.354	-5.000	-1.132
9.390	-5.000	-1.132
9.425	-5.000	-1.131
9.461	-5.000	-1.134
9.496	-5.000	-1.130
9.531	-5.000	-1.132
9.566	-5.000	-1.133
9.601	-5.000	-1.133
9.636	-5.000	-1.132
9.672	-5.000	-1.132
9.707	-5.000	-1.130
9.743	-5.000	-1.130
9.779	-5.000	-1.133
9.814	-5.000	-1.133
9.849	-5.000	-1.131
9.885	-5.000	-1.130
9.920	-5.000	-1.130
9.955	-5.000	-1.134
9.990	-5.000	-1.134
10.025	-5.000	-1.134
10.060	-5.000	-1.132
10.095	-5.000	-1.133
10.131	-5.000	-1.131
10.166	-5.000	-1.131
10.201	-5.000	-1.132
10.236	-5.000	-1.132
10.271	-5.000	-1.132
10.306	-5.000	-1.131
10.341	-5.000	-1.132
10.376	-5.000	-1.133
10.412	-5.000	-1.133
10.447	-5.000	-1.132
10.482	-5.000	-1.131
10.517	-5.000	-1.131
10.552	-5.000	-1.134
10.587	-5.000	-1.132
10.622	-5.000	-1.131
10.657	-5.000	-1.132
10.692	-5.000	-1.132
10.727	-5.000	-1.131
10.762	-5.000	-1.132
10.797	-5.000	-1.133
10.832	-5.000	-1.132
10.867	-5.000	-1.132
10.902	-5.000	-1.132
10.938	-5.000	-1.133
10.973	-5.000	-1.134
11.008	-5.000	-1.134
11.043	-5.000	-1.131
11.079	-5.000	-1.133
11.115	-5.000	-1.131
11.151	-5.000	-1.131
11.186	-5.000	-1.130
11.221	-5.000	-1.133
11.256	-5.000	-1.134
11.291	-5.000	-1.130
11.326	-5.000	-1.134
11.361	-5.000	-1.133
11.396	-5.000	-1.131
11.432	-5.000	-1.131
11.467	-5.000	-1.132
11.502	-5.000	-1.131
11.537	-5.000	-1.132
11.572	-5.000	-1.131
11.608	-5.000	-1.131
11.643	-5.000	-1.132
11.678	-5.000	-1.132
11.713	-5.000	-1.130
11.748	-5.000	-1.131
11.783	-5.000	-1.130
11.818	-5.000	-1.130
11.853	-5.000	-1.131
11.889	-5.000	-1.132
11.924	-5.000	-1.132
11.959	-5.000	-1.133
11.994	-5.000	-1.131
12.029	-5.000	-1.131
12.064	-5.000	-1.131
12.099	-5.000	-1.132
12.134	-5.000	-1.131
12.169	-5.000	-1.131
12.204	-5.000	-1.131
12.239	-5.000	-1.131
12.275	-5.000	-1.132
12.310	-5.000	-1.132
12.345	-5.000	-1.135
12.380	-5.000	-1.135
12.415	-5.000	-1.135
12.450	-5.000	-1.134
12.485	-5.000	-1.131
12.520	-5.000	-1.131
12.555	-5.000	-1.132
12.590	-5.000	-1.131
12.625	-5.000	-1.132
12.661	-5.000	-1.133
12.696	-5.000	-1.134
12.731	-5.000	-1.133
12.766	-5.000	-1.133
12.801	-5.000	-1.132
12.837	-5.000	-1.130
12.873	-5.000	-1.130
12.908	-5.000	-1.131
12.944	-5.000	-1.131
12.979	-5.000	-1.130
13.014	-5.000	-1.132
13.050	-5.000	-1.133
13.085	-5.000	-1.131
13.120	-5.000	-1.130
13.155	-5.000	-1.132
13.191	-5.000	-1.133
13.226	-5.000	-1.130
13.261	-5.000	-1.130
13.297	-5.000	-1.131
13.332	-5.000	-1.132
13.368	-5.000	-1.133
13.404	-5.000	-1.132
13.439	-5.000	-1.129
13.474	-5.000	-1.133
13.509	-5.000	-1.128
13.544	-5.000	-1.128
13.579	-5.000	-1.128
13.614	-5.000	-1.130
13.650	-5.000	-1.130
13.686	-5.000	-1.132
13.721	-5.000	-1.132
13.756	-5.000	-1.133
13.792	-5.000	-1.133
13.828	-5.000	-1.133
13.863	-5.000	-1.131
13.898	-5.000	-1.131
13.933	-5.000	-1.132
13.968	-5.000	-1.132
14.003	-5.000	-1.130
14.038	-5.000	-1.131
14.074	-5.000	-1.132
14.109	-5.000	-1.132
14.144	-5.000	-1.132
14.179	-5.000	-1.133
14.214	-5.000	-1.131
14.249	-5.000	-1.131
14.284	-5.000	-1.132
14.319	-5.000	-1.130
14.354	-5.000	-1.131
14.389	-5.000	-1.131
14.424	-5.000	-1.133
14.459	-5.000	-1.133
14.494	-5.000	-1.132
14.529	-5.000	-1.132
14.564	-5.000	-1.131
14.600	-5.000	-1.130
14.635	-5.000	-1.132
14.670	-5.000	-1.129
14.705	-5.000	-1.131
14.740	-5.000	-1.132
14.775	-5.000	-1.132
14.810	-5.000	-1.132
14.846	-5.000	-1.138
14.881	-5.000	-1.164
14.916	-5.000	-1.185
14.951	-5.000	-1.207
14.988	-5.000	-1.223
15.023	-5.000	-1.237
15.058	-5.000	-1.255
15.094	-5.000	-1.262
15.129	-5.000	-1.272
15.164	-5.000	-1.282
15.199	-5.000	-1.290
15.235	-5.000	-1.296
15.271	-5.000	-1.300
15.306	-5.000	-1.306
15.341	-5.000	-1.311
15.376	-5.000	-1.315
15.411	-5.000	-1.319
15.446	-5.000	-1.319
15.481	-5.000	-1.321
15.516	-5.000	-1.324
15.551	-5.000	-1.327
15.586	-5.000	-1.330
15.622	-5.000	-1.331
15.657	-5.000	-1.332
15.692	-5.000	-1.330
15.727	-5.000	-1.331
15.762	-5.000	-1.332
15.798	-5.000	-1.333
15.833	-5.000	-1.336
15.869	-5.000	-1.332
15.904	-5.000	-1.334
15.939	-5.000	-1.335
15.974	-5.000	-1.336
16.009	-5.000	-1.337
16.044	-5.000	-1.335
16.079	-5.000	-1.337
16.114	-5.000	-1.335
16.149	-5.000	-1.335
16.184	-5.000	-1.335
16.219	-5.000	-1.335
16.254	-5.000	-1.335
16.289	-5.000	-1.337
16.324	-5.000	-1.335
16.360	-5.000	-1.335
16.395	-5.000	-1.334
16.430	-5.000	-1.335
16.466	-5.000	-1.335
16.501	-5.000	-1.336
16.538	-5.000	-1.337
16.573	-5.000	-1.332
16.608	-5.000	-1.336
16.644	-5.000	-1.335
16.679	-5.000	-1.332
16.714	-5.000	-1.335
16.749	-5.000	-1.334
16.784	-5.000	-1.333
16.819	-5.000	-1.337
16.854	-5.000	-1.335
16.889	-5.000	-1.336
16.924	-5.000	-1.334
16.959	-5.000	-1.334
16.994	-5.000	-1.335
17.029	-5.000	-1.336
17.064	-5.000	-1.336
17.099	-5.000	-1.336
17.134	-5.000	-1.336
17.169	-5.000	-1.336
17.204	-5.000	-1.337
17.240	-5.000	-1.336
17.275	-5.000	-1.337
17.310	-5.000	-1.337
17.345	-5.000	-1.338
17.381	-5.000	-1.338
17.417	-5.000	-1.333
17.452	-5.000	-1.335
17.487	-5.000	-1.334
17.522	-5.000	-1.335
17.557	-5.000	-1.338
17.592	-5.000	-1.335
17.627	-5.000	-1.335
17.662	-5.000	-1.334
17.697	-5.000	-1.334
17.732	-5.000	-1.334
17.767	-5.000	-1.335
17.802	-5.000	-1.334
17.838	-5.000	-1.334
17.873	-5.000	-1.332
17.908	-5.000	-1.336
17.943	-5.000	-1.334
17.979	-5.000	-1.334
18.014	-5.000	-1.332
18.049	-5.000	-1.334
18.085	-5.000	-1.334
18.120	-5.000	-1.335
18.155	-5.000	-1.334
18.190	-5.000	-1.333
18.225	-5.000	-1.334
18.260	-5.000	-1.334
18.295	-5.000	-1.333
18.330	-5.000	-1.337
18.365	-5.000	-1.334
18.401	-5.000	-1.337
18.436	-5.000	-1.333
18.472	-5.000	-1.335
18.507	-5.000	-1.338
18.542	-5.000	-1.335
18.577	-5.000	-1.337
18.612	-5.000	-1.337
18.647	-5.000	-1.335
18.682	-5.000	-1.335
18.717	-5.000	-1.336
18.752	-5.000	-1.334
18.787	-5.000	-1.335
18.822	-5.000	-1.335
18.857	-5.000	-1.335
18.892	-5.000	-1.336
18.927	-5.000	-1.334
18.962	-5.000	-1.335
18.997	-5.000	-1.334
19.032	-5.000	-1.334
19.067	-5.000	-1.335
19.102	-5.000	-1.334
19.137	-5.000	-1.335
19.172	-5.000	-1.336
19.207	-5.000	-1.336
19.242	-5.000	-1.334
19.277	-5.000	-1.336
19.312	-5.000	-1.334
19.348	-5.000	-1.334
19.383	-5.000	-1.331
19.419	-5.000	-1.333
19.454	-5.000	-1.333
19.489	-5.000	-1.333
19.525	-5.000	-1.333
19.560	-5.000	-1.335
19.595	-5.000	-1.336
19.630	-5.000	-1.336
19.665	-5.000	-1.334
19.701	-5.000	-1.334
19.736	-5.000	-1.333
19.772	-5.000	-1.334
19.807	-5.000	-1.336
19.842	-5.000	-1.334
19.877	-5.000	-1.335
19.912	-5.000	-1.334
19.947	-5.000	-1.335
19.982	-5.000	-1.336
20.017	-5.000	-1.335
20.052	-5.000	-1.334
20.087	-5.000	-1.331
20.122	-5.000	-1.332
20.158	-5.000	-1.333
20.193	-5.000	-1.333
20.228	-5.000	-1.333
20.263	-5.000	-1.331
20.298	-5.000	-1.331
20.333	-5.000	-1.331
20.369	-5.000	-1.330
20.404	-5.000	-1.332
20.439	-5.000	-1.332
20.475	-5.000	-1.336
20.511	-5.000	-1.336
20.546	-5.000	-1.331
20.582	-5.000	-1.333
20.617	-5.000	-1.333
