0.000	0.000	0.000
0.036	0.000	0.000
0.071	0.000	0.000
0.107	0.000	0.000
0.142	0.000	0.000
0.177	0.000	0.000
0.212	0.000	0.000
0.247	0.000	0.000
0.283	0.000	0.000
0.318	0.000	0.000
0.353	0.000	0.000
0.388	0.000	0.000
0.423	0.000	0.000
0.458	0.000	0.000
0.493	0.000	0.000
0.528	0.000	0.000
0.563	0.000	0.000
0.598	0.000	0.000
0.634	0.000	0.000
0.669	0.000	0.000
0.704	0.000	0.000
0.740	0.000	0.000
0.775	0.000	0.000
0.810	0.000	0.000
0.845	0.000	0.000
0.880	0.000	0.000
0.915	0.000	0.000
0.950	0.000	0.000
0.985	0.000	0.000
1.020	0.000	0.000
1.055	0.000	0.000
1.090	0.000	0.000
1.125	0.000	0.000
1.160	0.000	0.000
1.195	0.000	0.000
1.230	0.000	0.000
1.265	0.000	0.000
1.300	0.000	0.000
1.335	0.000	0.000
1.371	0.000	0.000
1.406	0.000	0.000
1.441	0.000	0.000
1.476	0.000	0.000
1.511	0.000	0.000
1.547	0.000	0.000
1.582	0.000	0.000
1.617	0.000	0.000
1.652	0.000	0.000
1.687	0.000	0.000
1.723	0.000	0.000
1.758	0.000	0.000
1.793	0.000	0.000
1.828	0.000	0.000
1.863	0.000	0.000
1.898	0.000	0.000
1.933	0.000	0.000
1.969	0.000	0.000
2.004	0.000	0.000
2.039	0.000	0.000
2.074	0.000	0.000
2.109	0.000	0.000
2.144	0.000	0.000
2.180	0.000	0.000
2.216	0.000	0.000
2.251	0.000	0.000
2.286	0.000	0.000
2.321	0.000	0.000
2.356	0.000	0.000
2.391	0.000	0.000
2.426	0.000	0.000
2.461	0.000	0.000
2.496	0.000	0.000
2.531	0.000	0.000
2.566	0.000	0.000
2.601	0.000	0.000
2.636	0.000	0.000
2.671	0.000	0.000
2.706	0.000	0.000
2.741	0.000	0.000
2.777	0.000	0.000
2.812	0.000	0.000
2.847	0.000	0.000
2.882	0.000	0.000
2.918	0.000	0.000
2.954	0.000	0.000
2.990	0.000	0.000
3.025	0.000	0.000
3.060	0.000	0.000
3.095	0.000	0.000
3.130	0.000	0.000
3.165	0.000	0.000
3.200	0.000	0.000
3.235	0.000	0.000
3.270	0.000	0.000
3.305	0.000	0.000
3.340	0.000	0.000
3.376	0.000	0.000
3.412	0.000	0.000
3.447	0.000	0.000
3.482	0.000	0.000
3.517	0.000	0.000
3.552	0.000	0.000
3.588	0.000	0.000
3.623	0.000	0.000
3.659	0.000	0.000
3.694	0.000	0.000
3.729	0.000	0.000
3.764	0.000	0.000
3.799	0.000	0.000
3.834	0.000	0.000
3.869	0.000	0.000
3.904	0.000	0.000
3.939	0.000	0.000
3.974	0.000	0.000
4.009	0.000	0.000
4.045	0.000	0.000
4.080	0.000	0.000
4.115	0.000	0.000
4.150	0.000	0.000
4.185	0.000	0.000
4.220	0.000	0.000
4.255	0.000	0.000
4.290	0.000	0.000
4.325	0.000	0.000
4.360	0.000	0.000
4.395	0.000	0.000
4.431	0.000	0.000
4.466	0.000	0.000
4.501	0.000	0.000
4.536	0.000	0.000
4.571	0.000	0.000
4.606	0.000	0.000
4.641	0.000	0.000
4.676	0.000	0.000
4.712	0.000	0.000
4.747	0.000	0.000
4.783	0.000	0.000
4.818	0.000	0.000
4.853	0.000	0.000
4.888	0.000	0.000
4.923	0.000	0.000
4.958	0.000	0.000
4.994	0.000	0.000
5.029	0.000	0.000
5.064	0.000	0.000
5.099	0.000	0.000
5.134	0.000	0.000
5.169	0.000	0.000
5.204	0.000	0.000
5.239	0.000	0.000
5.274	0.000	0.000
5.309	0.000	0.000
5.344	0.000	0.000
5.379	0.000	0.000
5.415	0.000	0.000
5.450	0.000	0.000
5.485	0.000	0.000
5.520	0.000	0.000
5.555	0.000	0.000
5.590	0.000	0.000
5.626	0.000	0.000
5.661	0.000	0.000
5.697	0.000	0.000
5.732	0.000	0.000
5.768	0.000	0.000
5.803	0.000	0.000
5.838	0.000	0.000
5.873	0.000	0.000
5.908	0.000	0.000
5.943	0.000	0.000
5.978	0.000	0.000
6.014	0.000	0.000
6.049	0.000	0.000
6.084	0.000	0.000
6.120	0.000	0.000
6.155	0.000	0.000
6.190	0.000	0.000
6.225	0.000	0.000
6.260	0.000	0.000
6.295	0.000	0.000
6.330	0.000	0.000
6.366	0.000	0.000
6.401	0.000	0.000
6.436	0.000	0.000
6.471	0.000	0.000
6.506	0.000	0.000
6.542	0.000	0.000
6.578	0.000	0.000
6.613	0.000	0.000
6.648	0.000	0.000
6.683	0.000	0.000
6.719	0.000	0.000
6.754	0.000	0.000
6.789	0.000	0.000
6.824	0.000	0.000
6.859	0.000	0.000
6.894	0.000	0.000
6.929	0.000	0.000
6.965	0.000	0.000
7.000	0.000	0.000
7.035	0.000	0.000
7.070	0.000	0.000
7.105	0.000	0.000
7.140	0.000	0.000
7.175	0.000	0.000
7.211	0.000	0.000
7.246	0.000	0.000
7.281	0.000	0.000
7.316	0.000	0.000
7.351	0.000	0.000
7.386	0.000	0.000
7.421	0.000	0.000
7.456	0.000	0.000
7.491	0.000	0.000
7.526	0.000	0.000
7.562	0.000	0.000
7.597	0.000	0.000
7.632	0.000	0.000
7.667	0.000	0.000
7.702	0.000	0.000
7.737	0.000	0.000
7.772	0.000	0.000
7.807	0.000	0.000
7.842	0.000	0.000
7.877	0.000	0.000
7.912	0.000	0.000
7.947	0.000	0.000
7.982	0.000	0.000
8.017	0.000	0.000
8.052	0.000	0.000
8.087	0.000	0.000
8.122	0.000	0.000
8.157	0.000	0.000
8.192	0.000	0.000
8.227	0.000	0.000
8.262	0.000	0.000
8.297	0.000	0.000
8.332	0.000	0.000
8.368	0.000	0.000
8.403	0.000	0.000
8.438	0.000	0.000
8.474	0.000	0.000
8.509	0.000	0.000
8.544	0.000	0.000
8.579	0.000	0.000
8.615	0.000	0.000
8.651	0.000	0.000
8.687	0.000	0.000
8.722	0.000	0.000
8.757	0.000	0.000
8.792	0.000	0.000
8.827	0.000	0.000
8.862	0.000	0.000
8.897	0.000	0.000
8.932	0.000	0.000
8.967	0.000	0.000
9.003	0.000	0.000
9.038	0.000	0.000
9.073	0.000	0.000
9.108	0.000	0.000
9.144	0.000	0.000
9.179	0.000	0.000
9.214	0.000	0.000
9.249	0.000	0.000
9.284	0.000	0.000
9.319	0.000	0.000
9.354	0.000	0.000
9.390	0.000	0.000
9.425	0.000	0.000
9.460	0.000	0.000
9.495	0.000	0.000
9.530	0.000	0.000
9.565	0.000	0.000
9.600	0.000	0.000
9.635	0.000	0.000
9.670	0.000	0.000
9.705	0.000	0.000
9.740	0.000	0.000
9.775	0.000	0.000
9.811	0.000	0.000
9.846	0.000	0.000
9.881	0.000	0.000
9.916	0.000	0.000
9.951	0.000	0.000
9.986	0.000	0.000
10.021	0.000	0.000
10.056	0.000	0.000
10.092	0.000	0.000
10.127	0.000	0.000
10.162	0.000	0.000
10.198	0.000	0.000
10.233	0.000	0.000
10.268	0.000	0.000
10.303	0.000	0.000
10.338	0.000	0.000
10.373	0.000	0.000
10.409	0.000	0.000
10.444	0.000	0.000
10.479	0.000	0.000
10.515	0.000	0.000
10.550	0.000	0.000
10.585	0.000	0.000
10.620	0.000	0.000
10.655	0.000	0.000
10.690	0.000	0.000
10.725	0.000	0.000
10.760	0.000	0.000
10.796	0.000	0.000
10.831	0.000	0.000
10.866	0.000	0.000
10.901	0.000	0.000
10.936	0.000	0.000
10.971	0.000	0.000
11.006	0.000	0.000
11.041	0.000	0.000
11.076	0.000	0.000
11.111	0.000	0.000
11.146	0.000	0.000
11.181	0.000	0.000
11.216	0.000	0.000
11.251	0.000	0.000
11.286	0.000	0.000
11.321	0.000	0.000
11.356	0.000	0.000
11.391	0.000	0.000
11.426	0.000	0.000
11.463	0.000	0.000
11.498	0.000	0.000
11.533	0.000	0.000
11.568	0.000	0.000
11.603	0.000	0.000
11.638	0.000	0.000
11.673	0.000	0.000
11.708	0.000	0.000
11.744	0.000	0.000
11.780	0.000	0.000
11.815	0.000	0.000
11.850	0.000	0.000
11.886	0.000	0.000
11.922	0.000	0.000
11.957	0.000	0.000
11.992	0.000	0.000
12.027	0.000	0.000
12.062	0.000	0.000
12.097	10.000	0.000
12.133	10.000	0.000
12.168	10.000	0.098
12.203	10.000	0.364
12.238	10.000	0.619
12.273	10.000	0.853
12.308	10.000	1.053
12.343	10.000	1.225
12.378	10.000	1.375
12.413	10.000	1.504
12.448	10.000	1.612
12.483	10.000	1.712
12.518	10.000	1.787
12.553	10.000	1.856
12.588	10.000	1.916
12.623	10.000	1.970
12.658	10.000	2.013
12.693	10.000	2.051
12.728	10.000	2.084
12.763	10.000	2.112
12.799	10.000	2.135
12.834	10.000	2.158
12.869	10.000	2.176
12.905	10.000	2.193
12.940	10.000	2.207
12.975	10.000	2.212
13.010	10.000	2.225
13.045	10.000	2.235
13.080	10.000	2.238
13.115	10.000	2.246
13.151	10.000	2.256
13.186	10.000	2.255
13.221	10.000	2.266
13.257	10.000	2.263
13.292	10.000	2.274
13.327	10.000	2.267
13.362	10.000	2.278
13.397	10.000	2.272
13.433	10.000	2.274
13.468	10.000	2.274
13.504	10.000	2.279
13.539	10.000	2.281
13.574	10.000	2.282
13.609	10.000	2.282
13.644	10.000	2.283
13.679	10.000	2.284
13.714	10.000	2.286
13.749	10.000	2.288
13.785	10.000	2.281
13.820	10.000	2.284
13.856	10.000	2.285
13.891	10.000	2.285
13.926	10.000	2.282
13.962	10.000	2.285
13.997	10.000	2.288
14.032	10.000	2.289
14.067	10.000	2.288
14.103	10.000	2.286
14.139	10.000	2.285
14.174	10.000	2.286
14.209	10.000	2.284
14.244	10.000	2.286
14.279	10.000	2.289
14.314	10.000	2.290
14.350	10.000	2.287
14.385	10.000	2.284
14.420	10.000	2.287
14.455	10.000	2.285
14.490	10.000	2.290
14.525	10.000	2.286
14.560	10.000	2.288
14.596	10.000	2.288
14.631	10.000	2.286
14.667	10.000	2.292
14.702	10.000	2.284
14.737	10.000	2.286
14.772	10.000	2.287
14.807	10.000	2.284
14.842	10.000	2.285
14.877	10.000	2.287
14.912	10.000	2.289
14.947	10.000	2.290
14.982	10.000	2.286
15.018	10.000	2.289
15.054	10.000	2.287
15.089	10.000	2.289
15.124	10.000	2.290
15.159	10.000	2.287
15.194	10.000	2.286
15.229	10.000	2.288
15.264	10.000	2.289
15.299	10.000	2.287
15.334	10.000	2.287
15.369	10.000	2.290
15.404	10.000	2.290
15.440	10.000	2.286
15.475	10.000	2.284
15.510	10.000	2.286
15.545	10.000	2.288
15.580	10.000	2.287
15.615	10.000	2.291
15.650	10.000	2.286
15.685	10.000	2.287
15.720	10.000	2.288
15.755	10.000	2.289
15.790	10.000	2.286
15.826	10.000	2.288
15.861	10.000	2.282
15.896	10.000	2.285
15.931	10.000	2.286
15.966	10.000	2.286
16.001	10.000	2.287
16.036	10.000	2.290
16.072	10.000	2.287
16.107	10.000	2.285
16.142	10.000	2.286
16.177	10.000	2.271
16.212	10.000	2.259
16.247	10.000	2.248
16.283	10.000	2.240
16.318	10.000	2.237
16.353	10.000	2.231
16.388	10.000	2.219
16.423	10.000	2.215
16.459	10.000	2.210
16.494	10.000	2.207
16.529	10.000	2.205
16.565	10.000	2.204
16.601	10.000	2.205
16.636	10.000	2.196
16.671	10.000	2.197
16.706	10.000	2.193
16.741	10.000	2.193
16.777	10.000	2.193
16.812	10.000	2.192
16.847	10.000	2.193
16.882	10.000	2.193
16.918	10.000	2.188
16.953	10.000	2.190
16.988	10.000	2.189
17.024	10.000	2.188
17.059	10.000	2.191
17.094	10.000	2.193
17.129	10.000	2.186
17.164	10.000	2.187
17.199	10.000	2.189
17.234	10.000	2.187
17.269	10.000	2.187
17.304	10.000	2.187
17.339	10.000	2.185
17.374	10.000	2.186
17.410	10.000	2.187
17.445	10.000	2.188
17.480	10.000	2.186
17.516	10.000	2.188
17.552	10.000	2.185
17.587	10.000	2.185
17.622	10.000	2.185
17.657	10.000	2.187
17.692	10.000	2.186
17.727	10.000	2.186
17.762	10.000	2.186
17.797	10.000	2.187
17.832	10.000	2.186
17.867	10.000	2.186
17.903	10.000	2.187
17.938	10.000	2.188
17.973	10.000	2.185
18.008	10.000	2.184
18.043	10.000	2.186
18.079	10.000	2.186
18.114	10.000	2.186
18.149	10.000	2.183
18.185	10.000	2.186
18.220	10.000	2.188
18.255	10.000	2.182
18.290	10.000	2.181
18.326	10.000	2.183
18.361	10.000	2.184
18.396	10.000	2.190
18.431	10.000	2.186
18.466	10.000	2.187
18.501	10.000	2.188
18.536	10.000	2.188
18.572	10.000	2.189
18.607	10.000	2.188
18.643	10.000	2.187
18.679	10.000	2.185
18.714	10.000	2.186
18.749	10.000	2.182
18.784	10.000	2.188
18.819	10.000	2.182
18.854	10.000	2.181
18.890	10.000	2.183
18.925	10.000	2.187
18.960	10.000	2.184
18.995	10.000	2.186
19.030	10.000	2.186
19.066	10.000	2.187
19.101	10.000	2.182
19.136	10.000	2.182
19.172	10.000	2.187
19.208	10.000	2.188
19.243	10.000	2.180
19.278	10.000	2.182
19.313	10.000	2.184
19.348	10.000	2.184
19.384	10.000	2.184
19.419	10.000	2.188
19.454	10.000	2.187
19.489	10.000	2.184
19.525	10.000	2.183
19.560	10.000	2.183
19.595	10.000	2.185
19.630	10.000	2.187
19.665	10.000	2.188
19.700	10.000	2.186
19.735	10.000	2.186
19.770	10.000	2.184
19.805	10.000	2.189
19.841	10.000	2.180
19.876	10.000	2.181
19.911	10.000	2.183
19.947	10.000	2.189
19.982	10.000	2.182
20.017	10.000	2.184
20.053	10.000	2.186
20.088	10.000	2.187
20.124	10.000	2.188
20.160	10.000	2.189
20.195	10.000	2.181
20.230	10.000	2.189
20.265	10.000	2.190
20.300	10.000	2.184
20.335	10.000	2.186
20.370	10.000	2.184
20.405	10.000	2.186
20.440	10.000	2.183
20.476	10.000	2.182
20.511	10.000	2.187
20.546	10.000	2.186
20.581	10.000	2.186
20.616	10.000	2.187
20.651	10.000	2.187
20.687	10.000	2.188
20.722	10.000	2.188
20.757	10.000	2.181
20.792	10.000	2.181
20.827	10.000	2.189
20.863	10.000	2.182
20.898	10.000	2.183
20.933	10.000	2.189
20.968	10.000	2.183
21.004	10.000	2.183
21.040	10.000	2.183
21.075	10.000	2.183
21.110	10.000	2.189
21.145	10.000	2.188
21.180	10.000	2.185
21.215	10.000	2.183
21.251	10.000	2.185
21.286	10.000	2.188
21.321	10.000	2.184
21.356	10.000	2.183
21.392	10.000	2.185
21.427	10.000	2.186
21.462	10.000	2.187
21.497	10.000	2.184
21.532	10.000	2.184
21.567	10.000	2.187
21.602	10.000	2.183
21.637	10.000	2.184
21.672	10.000	2.183
21.707	10.000	2.182
21.743	10.000	2.185
21.778	10.000	2.189
21.814	10.000	2.189
21.849	10.000	2.185
21.884	10.000	2.187
21.919	10.000	2.184
21.954	10.000	2.186
21.989	10.000	2.182
22.025	10.000	2.188
22.060	10.000	2.182
22.095	10.000	2.188
22.130	10.000	2.184
22.165	10.000	2.185
22.200	10.000	2.184
22.235	10.000	2.184
22.270	10.000	2.185
22.305	10.000	2.187
22.340	10.000	2.185
22.376	10.000	2.186
22.411	10.000	2.181
22.447	10.000	2.182
22.482	10.000	2.181
22.517	10.000	2.182
22.553	10.000	2.184
22.590	10.000	2.183
22.625	10.000	2.183
22.661	10.000	2.187
22.696	10.000	2.189
22.731	10.000	2.185
22.766	10.000	2.187
22.801	10.000	2.185
22.836	10.000	2.185
22.871	10.000	2.186
22.906	10.000	2.188
22.941	10.000	2.185
22.976	10.000	2.184
23.012	10.000	2.185
23.047	10.000	2.188
23.082	10.000	2.184
23.117	10.000	2.185
23.152	10.000	2.183
23.187	10.000	2.181
23.223	10.000	2.184
23.258	10.000	2.183
23.294	10.000	2.184
23.329	10.000	2.186
23.364	10.000	2.187
23.399	10.000	2.184
23.434	10.000	2.183
23.469	10.000	2.184
23.504	10.000	2.184
23.540	10.000	2.183
23.575	10.000	2.186
23.610	10.000	2.183
23.645	10.000	2.189
23.681	10.000	2.184
23.716	10.000	2.186
23.751	10.000	2.186
23.786	10.000	2.184
23.821	10.000	2.184
23.857	10.000	2.183
23.892	10.000	2.183
