0.000	0.000	0.000
0.036	0.000	0.000
0.072	0.000	0.000
0.107	0.000	0.000
0.142	0.000	0.000
0.177	0.000	0.000
0.212	0.000	0.000
0.247	0.000	0.000
0.282	0.000	0.000
0.317	0.000	0.000
0.353	0.000	0.000
0.388	0.000	0.000
0.423	0.000	0.000
0.459	0.000	0.000
0.494	0.000	0.000
0.529	0.000	0.000
0.564	0.000	0.000
0.600	0.000	0.000
0.635	0.000	0.000
0.670	0.000	0.000
0.705	0.000	0.000
0.741	0.000	0.000
0.776	0.000	0.000
0.811	0.000	0.000
0.846	0.000	0.000
0.881	0.000	0.000
0.916	0.000	0.000
0.951	0.000	0.000
0.986	0.000	0.000
1.021	0.000	0.000
1.057	0.000	0.000
1.092	0.000	0.000
1.127	0.000	0.000
1.162	0.000	0.000
1.199	0.000	0.000
1.234	0.000	0.000
1.269	0.000	0.000
1.304	0.000	0.000
1.340	0.000	0.000
1.375	0.000	0.000
1.410	0.000	0.000
1.445	0.000	0.000
1.480	0.000	0.000
1.515	0.000	0.000
1.550	0.000	0.000
1.586	0.000	0.000
1.621	0.000	0.000
1.656	0.000	0.000
1.691	0.000	0.000
1.728	0.000	0.000
1.763	0.000	0.000
1.798	0.000	0.000
1.833	0.000	0.000
1.868	0.000	0.000
1.903	0.000	0.000
1.938	0.000	0.000
1.973	0.000	0.000
2.008	0.000	0.000
2.043	0.000	0.000
2.078	0.000	0.000
2.113	0.000	0.000
2.148	0.000	0.000
2.183	0.000	0.000
2.218	0.000	0.000
2.253	0.000	0.000
2.288	0.000	0.000
2.324	0.000	0.000
2.359	0.000	0.000
2.394	0.000	0.000
2.429	0.000	0.000
2.464	0.000	0.000
2.499	0.000	0.000
2.534	0.000	0.000
2.569	0.000	0.000
2.604	0.000	0.000
2.639	0.000	0.000
2.674	0.000	0.000
2.710	0.000	0.000
2.746	0.000	0.000
2.781	0.000	0.000
2.816	0.000	0.000
2.851	0.000	0.000
2.886	0.000	0.000
2.921	0.000	0.000
2.956	0.000	0.000
2.991	0.000	0.000
3.026	0.000	0.000
3.061	0.000	0.000
3.098	0.000	0.000
3.133	0.000	0.000
3.168	0.000	0.000
3.203	0.000	0.000
3.238	0.000	0.000
3.273	0.000	0.000
3.308	0.000	0.000
3.343	0.000	0.000
3.378	0.000	0.000
3.413	0.000	0.000
3.448	0.000	0.000
3.483	0.000	0.000
3.518	0.000	0.000
3.553	0.000	0.000
3.589	0.000	0.000
3.625	0.000	0.000
3.661	0.000	0.000
3.696	0.000	0.000
3.731	0.000	0.000
3.767	0.000	0.000
3.802	0.000	0.000
3.838	0.000	0.000
3.874	0.000	0.000
3.909	0.000	0.000
3.944	0.000	0.000
3.979	0.000	0.000
4.014	0.000	0.000
4.049	0.000	0.000
4.084	0.000	0.000
4.119	0.000	0.000
4.155	0.000	0.000
4.190	0.000	0.000
4.225	0.000	0.000
4.260	0.000	0.000
4.295	0.000	0.000
4.330	0.000	0.000
4.365	0.000	0.000
4.402	0.000	0.000
4.437	0.000	0.000
4.472	0.000	0.000
4.507	0.000	0.000
4.542	0.000	0.000
4.578	0.000	0.000
4.613	0.000	0.000
4.648	0.000	0.000
4.683	0.000	0.000
4.718	0.000	0.000
4.753	0.000	0.000
4.788	0.000	0.000
4.824	0.000	0.000
4.859	0.000	0.000
4.894	0.000	0.000
4.929	0.000	0.000
4.964	0.000	0.000
5.000	0.000	0.000
5.035	0.000	0.000
5.072	0.000	0.000
5.107	0.000	0.000
5.142	0.000	0.000
5.177	0.000	0.000
5.212	0.000	0.000
5.248	0.000	0.000
5.283	0.000	0.000
5.318	0.000	0.000
5.353	0.000	0.000
5.389	0.000	0.000
5.424	0.000	0.000
5.459	0.000	0.000
5.494	0.000	0.000
5.529	0.000	0.000
5.564	0.000	0.000
5.600	0.000	0.000
5.636	0.000	0.000
5.671	0.000	0.000
5.706	0.000	0.000
5.741	0.000	0.000
5.776	0.000	0.000
5.811	0.000	0.000
5.848	0.000	0.000
5.883	0.000	0.000
5.918	-10.000	0.000
5.953	-10.000	0.000
5.988	-10.000	-0.117
6.023	-10.000	-0.384
6.058	-10.000	-0.646
6.094	-10.000	-0.876
6.129	-10.000	-1.075
6.164	-10.000	-1.244
6.199	-10.000	-1.392
6.234	-10.000	-1.517
6.270	-10.000	-1.626
6.306	-10.000	-1.722
6.341	-10.000	-1.800
6.376	-10.000	-1.872
6.411	-10.000	-1.924
6.446	-10.000	-1.976
6.482	-10.000	-2.020
6.517	-10.000	-2.057
6.552	-10.000	-2.090
6.588	-10.000	-2.123
6.623	-10.000	-2.142
6.658	-10.000	-2.169
6.693	-10.000	-2.187
6.728	-10.000	-2.196
6.763	-10.000	-2.207
6.798	-10.000	-2.220
6.833	-10.000	-2.229
6.870	-10.000	-2.236
6.906	-10.000	-2.243
6.941	-10.000	-2.253
6.977	-10.000	-2.254
7.012	-10.000	-2.264
7.047	-10.000	-2.265
7.082	-10.000	-2.271
7.117	-10.000	-2.276
7.153	-10.000	-2.278
7.188	-10.000	-2.282
7.223	-10.000	-2.283
7.258	-10.000	-2.278
7.293	-10.000	-2.283
7.328	-10.000	-2.284
7.363	-10.000	-2.279
7.398	-10.000	-2.287
7.433	-10.000	-2.288
7.468	-10.000	-2.281
7.503	-10.000	-2.283
7.539	-10.000	-2.285
7.574	-10.000	-2.285
7.610	-10.000	-2.286
7.645	-10.000	-2.287
7.681	-10.000	-2.287
7.718	-10.000	-2.290
7.753	-10.000	-2.287
7.788	-10.000	-2.295
7.823	-10.000	-2.287
7.858	-10.000	-2.296
7.893	-10.000	-2.286
7.928	-10.000	-2.288
7.963	-10.000	-2.287
7.998	-10.000	-2.296
8.033	-10.000	-2.287
8.068	-10.000	-2.290
8.103	-10.000	-2.295
8.138	-10.000	-2.290
8.173	-10.000	-2.288
8.209	-10.000	-2.288
8.245	-10.000	-2.289
8.280	-10.000	-2.294
8.315	-10.000	-2.289
8.351	-10.000	-2.291
8.386	-10.000	-2.291
8.421	-10.000	-2.288
8.456	-10.000	-2.294
8.491	-10.000	-2.289
8.526	-10.000	-2.288
8.562	-10.000	-2.289
8.598	-10.000	-2.289
8.633	-10.000	-2.297
8.668	-10.000	-2.290
8.703	-10.000	-2.288
8.738	-10.000	-2.289
8.774	-10.000	-2.290
8.809	-10.000	-2.290
8.845	-10.000	-2.291
8.880	-10.000	-2.297
8.915	-10.000	-2.289
8.950	-10.000	-2.291
8.985	-10.000	-2.293
9.021	-10.000	-2.291
9.056	-10.000	-2.287
9.091	-10.000	-2.293
9.126	-10.000	-2.291
9.162	-10.000	-2.287
9.199	-10.000	-2.287
9.234	-10.000	-2.287
9.269	-10.000	-2.297
9.304	-10.000	-2.287
9.339	-10.000	-2.289
9.375	-10.000	-2.289
9.410	-10.000	-2.288
9.445	-10.000	-2.292
9.481	-10.000	-2.290
9.516	-10.000	-2.289
9.552	-10.000	-2.289
9.587	-10.000	-2.293
9.622	-10.000	-2.289
9.658	-10.000	-2.291
9.693	-10.000	-2.296
9.728	-10.000	-2.290
9.763	-10.000	-2.292
9.798	-10.000	-2.290
9.833	-10.000	-2.292
9.868	-10.000	-2.294
9.903	-10.000	-2.286
9.938	-10.000	-2.289
9.973	-10.000	-2.290
10.008	-10.000	-2.294
10.043	-10.000	-2.285
10.078	-10.000	-2.294
10.113	-10.000	-2.285
10.149	-10.000	-2.293
10.184	-10.000	-2.285
10.219	-10.000	-2.289
10.255	-10.000	-2.292
10.291	-10.000	-2.292
10.326	-10.000	-2.293
10.362	-10.000	-2.283
10.397	-10.000	-2.287
10.433	-10.000	-2.284
10.468	-10.000	-2.284
10.504	-10.000	-2.287
10.539	-10.000	-2.286
10.574	-10.000	-2.287
10.609	-10.000	-2.293
10.644	-10.000	-2.293
10.680	-10.000	-2.294
10.716	-10.000	-2.285
10.751	-10.000	-2.294
10.788	-10.000	-2.286
10.823	-10.000	-2.285
10.859	-10.000	-2.291
10.894	-10.000	-2.286
10.929	-10.000	-2.289
10.965	-10.000	-2.288
11.000	-10.000	-2.294
11.035	-10.000	-2.288
11.070	-10.000	-2.289
11.105	-10.000	-2.287
11.141	-10.000	-2.291
11.176	-10.000	-2.287
11.211	-10.000	-2.287
11.247	-10.000	-2.289
11.282	-10.000	-2.297
11.319	-10.000	-2.288
11.354	-10.000	-2.287
11.389	-10.000	-2.289
11.424	-10.000	-2.290
11.459	-10.000	-2.288
11.494	-10.000	-2.287
11.530	-10.000	-2.289
11.565	-10.000	-2.287
11.600	-10.000	-2.289
11.635	-10.000	-2.288
11.670	-10.000	-2.290
11.705	-10.000	-2.287
11.740	-10.000	-2.289
11.776	-10.000	-2.288
11.811	-10.000	-2.295
11.847	-10.000	-2.286
11.882	-10.000	-2.296
11.917	-10.000	-2.288
11.952	-10.000	-2.285
11.987	-10.000	-2.290
12.022	-10.000	-2.286
12.058	-10.000	-2.295
12.093	-10.000	-2.291
12.129	-10.000	-2.292
12.164	-10.000	-2.283
12.199	-10.000	-2.291
12.234	-10.000	-2.286
12.269	-10.000	-2.287
12.304	-10.000	-2.288
12.339	-10.000	-2.289
12.374	-10.000	-2.292
12.409	-10.000	-2.293
12.444	-10.000	-2.292
12.479	-10.000	-2.288
12.514	-10.000	-2.290
12.549	-10.000	-2.291
12.584	-10.000	-2.292
12.619	-10.000	-2.294
12.654	-10.000	-2.294
12.689	-10.000	-2.287
12.724	-10.000	-2.289
12.759	-10.000	-2.291
12.794	-10.000	-2.291
12.829	-10.000	-2.290
12.864	-10.000	-2.291
12.899	-10.000	-2.288
12.934	-10.000	-2.288
12.969	-10.000	-2.291
13.004	-10.000	-2.291
13.039	-10.000	-2.289
13.074	-10.000	-2.286
13.110	-10.000	-2.294
13.147	-10.000	-2.294
13.183	-10.000	-2.286
13.218	-10.000	-2.285
13.253	-10.000	-2.287
13.288	-10.000	-2.289
13.323	-10.000	-2.291
13.358	-10.000	-2.289
13.393	-10.000	-2.290
13.428	-10.000	-2.289
13.463	-10.000	-2.292
13.498	-10.000	-2.295
13.533	-10.000	-2.287
13.569	-10.000	-2.288
13.605	-10.000	-2.287
13.640	-10.000	-2.295
13.675	-10.000	-2.288
13.711	-10.000	-2.292
13.746	-10.000	-2.295
13.781	-10.000	-2.288
13.816	-10.000	-2.292
13.851	-10.000	-2.285
13.886	-10.000	-2.292
13.921	-10.000	-2.294
13.956	-10.000	-2.292
13.991	-10.000	-2.285
14.027	-10.000	-2.292
14.063	-10.000	-2.293
14.098	-10.000	-2.285
14.133	-10.000	-2.286
14.168	-10.000	-2.287
14.203	-10.000	-2.287
14.238	-10.000	-2.295
14.274	-10.000	-2.285
14.309	-10.000	-2.286
14.344	-10.000	-2.287
14.379	-10.000	-2.288
14.415	-10.000	-2.290
14.450	-10.000	-2.290
14.485	-10.000	-2.286
14.520	-10.000	-2.287
14.555	-10.000	-2.289
14.590	-10.000	-2.290
14.625	-10.000	-2.287
14.660	-10.000	-2.290
14.696	-10.000	-2.287
14.732	-10.000	-2.286
14.767	-10.000	-2.287
14.802	-10.000	-2.287
14.838	-10.000	-2.291
14.874	-10.000	-2.288
14.909	-10.000	-2.290
14.945	-10.000	-2.290
14.980	-10.000	-2.294
15.015	-10.000	-2.288
15.050	-10.000	-2.288
15.085	-10.000	-2.287
15.120	-10.000	-2.288
15.155	-10.000	-2.286
15.190	-10.000	-2.287
15.225	-10.000	-2.289
15.261	-10.000	-2.292
15.296	-10.000	-2.287
15.331	-10.000	-2.287
15.366	-10.000	-2.289
15.401	-10.000	-2.288
15.436	-10.000	-2.291
