0.000	0.000	0.000
0.035	0.000	0.000
0.071	0.000	0.000
0.106	0.000	0.000
0.141	0.000	0.000
0.176	0.000	0.000
0.211	0.000	0.000
0.246	0.000	0.000
0.281	0.000	0.000
0.317	0.000	0.000
0.352	0.000	0.000
0.388	0.000	0.000
0.424	0.000	0.000
0.459	0.000	0.000
0.494	0.000	0.000
0.530	0.000	0.000
0.566	0.000	0.000
0.601	0.000	0.000
0.636	0.000	0.000
0.671	0.000	0.000
0.706	0.000	0.000
0.741	0.000	0.000
0.777	0.000	0.000
0.813	0.000	0.000
0.848	0.000	0.000
0.883	0.000	0.000
0.919	0.000	0.000
0.954	0.000	0.000
0.989	0.000	0.000
1.025	0.000	0.000
1.061	0.000	0.000
1.097	0.000	0.000
1.132	0.000	0.000
1.167	0.000	0.000
1.202	0.000	0.000
1.237	0.000	0.000
1.272	0.000	0.000
1.307	0.000	0.000
1.342	0.000	0.000
1.377	0.000	0.000
1.413	0.000	0.000
1.448	0.000	0.000
1.483	0.000	0.000
1.519	0.000	0.000
1.554	0.000	0.000
1.589	0.000	0.000
1.624	0.000	0.000
1.659	0.000	0.000
1.694	0.000	0.000
1.730	0.000	0.000
1.765	0.000	0.000
1.800	0.000	0.000
1.835	0.000	0.000
1.870	0.000	0.000
1.906	0.000	0.000
1.941	0.000	0.000
1.976	0.000	0.000
2.011	0.000	0.000
2.047	0.000	0.000
2.082	0.000	0.000
2.117	0.000	0.000
2.153	0.000	0.000
2.188	0.000	0.000
2.223	0.000	0.000
2.258	0.000	0.000
2.293	0.000	0.000
2.328	0.000	0.000
2.363	0.000	0.000
2.399	0.000	0.000
2.435	0.000	0.000
2.470	0.000	0.000
2.505	0.000	0.000
2.540	0.000	0.000
2.575	0.000	0.000
2.610	0.000	0.000
2.645	0.000	0.000
2.680	0.000	0.000
2.715	0.000	0.000
2.750	0.000	0.000
2.785	0.000	0.000
2.820	0.000	0.000
2.856	0.000	0.000
2.892	0.000	0.000
2.927	0.000	0.000
2.962	0.000	0.000
2.997	0.000	0.000
3.032	0.000	0.000
3.067	0.000	0.000
3.102	0.000	0.000
3.137	0.000	0.000
3.172	0.000	0.000
3.208	0.000	0.000
3.243	0.000	0.000
3.278	0.000	0.000
3.313	0.000	0.000
3.348	0.000	0.000
3.383	0.000	0.000
3.418	0.000	0.000
3.453	0.000	0.000
3.489	0.000	0.000
3.524	0.000	0.000
3.560	0.000	0.000
3.595	0.000	0.000
3.630	0.000	0.000
3.665	0.000	0.000
3.700	0.000	0.000
3.736	0.000	0.000
3.771	0.000	0.000
3.807	0.000	0.000
3.842	0.000	0.000
3.877	0.000	0.000
3.912	0.000	0.000
3.947	0.000	0.000
3.982	0.000	0.000
4.017	0.000	0.000
4.052	0.000	0.000
4.087	0.000	0.000
4.123	0.000	0.000
4.159	0.000	0.000
4.194	0.000	0.000
4.229	0.000	0.000
4.265	0.000	0.000
4.301	0.000	0.000
4.336	0.000	0.000
4.371	0.000	0.000
4.406	0.000	0.000
4.441	0.000	0.000
4.477	0.000	0.000
4.512	0.000	0.000
4.547	0.000	0.000
4.582	0.000	0.000
4.617	0.000	0.000
4.653	0.000	0.000
4.689	0.000	0.000
4.724	0.000	0.000
4.760	0.000	0.000
4.795	0.000	0.000
4.830	0.000	0.000
4.865	0.000	0.000
4.900	0.000	0.000
4.936	0.000	0.000
4.972	0.000	0.000
5.007	0.000	0.000
5.043	0.000	0.000
5.078	0.000	0.000
5.113	0.000	0.000
5.148	0.000	0.000
5.183	0.000	0.000
5.218	0.000	0.000
5.253	0.000	0.000
5.289	0.000	0.000
5.324	0.000	0.000
5.360	0.000	0.000
5.395	0.000	0.000
5.430	0.000	0.000
5.465	0.000	0.000
5.500	0.000	0.000
5.535	0.000	0.000
5.571	0.000	0.000
5.606	0.000	0.000
5.641	0.000	0.000
5.676	0.000	0.000
5.712	0.000	0.000
5.747	0.000	0.000
5.782	0.000	0.000
5.817	0.000	0.000
5.852	0.000	0.000
5.887	0.000	0.000
5.922	0.000	0.000
5.958	0.000	0.000
5.993	0.000	0.000
6.028	0.000	0.000
6.063	0.000	0.000
6.100	0.000	0.000
6.135	0.000	0.000
6.170	0.000	0.000
6.207	0.000	0.000
6.243	0.000	0.000
6.278	0.000	0.000
6.314	0.000	0.000
6.349	0.000	0.000
6.384	0.000	0.000
6.420	0.000	0.000
6.455	0.000	0.000
6.490	0.000	0.000
6.525	0.000	0.000
6.560	0.000	0.000
6.595	0.000	0.000
6.630	0.000	0.000
6.665	0.000	0.000
6.701	0.000	0.000
6.736	0.000	0.000
6.771	0.000	0.000
6.806	0.000	0.000
6.841	0.000	0.000
6.877	0.000	0.000
6.913	0.000	0.000
6.949	0.000	0.000
6.984	0.000	0.000
7.020	0.000	0.000
7.055	0.000	0.000
7.091	0.000	0.000
7.126	0.000	0.000
7.161	0.000	0.000
7.196	0.000	0.000
7.231	0.000	0.000
7.266	0.000	0.000
7.302	0.000	0.000
7.337	0.000	0.000
7.373	0.000	0.000
7.408	0.000	0.000
7.443	0.000	0.000
7.478	0.000	0.000
7.513	0.000	0.000
7.549	0.000	0.000
7.584	0.000	0.000
7.619	0.000	0.000
7.654	0.000	0.000
7.689	0.000	0.000
7.724	0.000	0.000
7.759	0.000	0.000
7.794	0.000	0.000
7.829	0.000	0.000
7.864	0.000	0.000
7.899	0.000	0.000
7.934	0.000	0.000
7.969	0.000	0.000
8.004	0.000	0.000
8.040	0.000	0.000
8.075	0.000	0.000
8.110	0.000	0.000
8.145	0.000	0.000
8.180	0.000	0.000
8.215	2.000	0.000
8.250	2.000	0.000
8.285	2.000	0.028
8.320	2.000	0.081
8.355	2.000	0.130
8.391	2.000	0.174
8.426	2.000	0.210
8.461	2.000	0.243
8.496	2.000	0.271
8.531	2.000	0.295
8.566	2.000	0.315
8.602	2.000	0.332
8.637	2.000	0.347
8.672	2.000	0.360
8.707	2.000	0.371
8.743	2.000	0.380
8.778	2.000	0.388
8.813	2.000	0.396
8.849	2.000	0.402
8.884	2.000	0.407
8.919	2.000	0.413
8.954	2.000	0.417
8.989	2.000	0.419
9.024	2.000	0.422
9.059	2.000	0.425
9.095	2.000	0.427
9.130	2.000	0.429
9.165	2.000	0.431
9.200	2.000	0.432
9.236	2.000	0.432
9.271	2.000	0.433
9.307	2.000	0.434
9.342	2.000	0.435
9.378	2.000	0.436
9.413	2.000	0.436
9.448	2.000	0.437
9.483	2.000	0.437
9.518	2.000	0.437
9.553	2.000	0.437
9.588	2.000	0.438
9.624	2.000	0.438
9.660	2.000	0.438
9.695	2.000	0.439
9.730	2.000	0.439
9.765	2.000	0.439
9.800	2.000	0.438
9.835	2.000	0.439
9.870	2.000	0.440
9.905	2.000	0.440
9.940	2.000	0.440
9.975	2.000	0.440
10.010	2.000	0.440
10.045	2.000	0.440
10.080	2.000	0.441
10.115	2.000	0.440
10.150	2.000	0.440
10.185	2.000	0.440
10.221	2.000	0.441
10.256	2.000	0.441
10.291	2.000	0.441
10.326	2.000	0.441
10.361	2.000	0.441
10.396	2.000	0.440
10.432	2.000	0.440
10.467	2.000	0.439
10.502	2.000	0.441
10.537	2.000	0.440
10.572	2.000	0.440
10.607	2.000	0.439
10.642	2.000	0.440
10.677	2.000	0.439
10.712	2.000	0.440
10.748	2.000	0.440
10.783	2.000	0.440
10.818	2.000	0.440
10.854	2.000	0.439
10.889	2.000	0.440
10.924	2.000	0.439
10.959	2.000	0.440
10.994	2.000	0.440
11.029	2.000	0.440
11.064	2.000	0.440
11.099	2.000	0.440
11.134	2.000	0.439
11.169	2.000	0.439
11.204	2.000	0.439
11.239	2.000	0.438
11.274	2.000	0.440
11.309	2.000	0.438
11.344	2.000	0.439
11.379	2.000	0.440
11.414	2.000	0.439
11.449	2.000	0.439
11.484	2.000	0.439
11.519	2.000	0.438
11.555	2.000	0.439
11.590	2.000	0.438
11.625	2.000	0.440
11.660	2.000	0.440
11.695	2.000	0.438
11.730	2.000	0.440
11.765	2.000	0.439
11.800	2.000	0.440
11.835	2.000	0.439
11.871	2.000	0.440
11.906	2.000	0.439
11.941	2.000	0.439
11.976	2.000	0.439
12.012	2.000	0.439
12.047	2.000	0.439
12.082	2.000	0.438
12.117	2.000	0.439
12.152	2.000	0.438
12.187	2.000	0.438
12.222	2.000	0.438
12.257	2.000	0.439
12.293	2.000	0.439
12.328	2.000	0.438
12.363	2.000	0.438
12.398	2.000	0.439
12.433	2.000	0.439
12.468	2.000	0.440
12.503	2.000	0.439
12.539	2.000	0.440
12.574	2.000	0.440
12.609	2.000	0.440
12.644	2.000	0.439
12.679	2.000	0.439
12.714	2.000	0.439
12.750	2.000	0.434
12.785	2.000	0.423
12.820	2.000	0.411
12.855	2.000	0.401
12.890	2.000	0.392
12.925	2.000	0.385
12.960	2.000	0.378
12.995	2.000	0.372
13.030	2.000	0.366
13.066	2.000	0.363
13.101	2.000	0.360
13.136	2.000	0.357
13.171	2.000	0.354
13.206	2.000	0.351
13.241	2.000	0.348
13.278	2.000	0.348
13.313	2.000	0.345
13.348	2.000	0.344
13.383	2.000	0.344
13.418	2.000	0.343
13.453	2.000	0.343
13.488	2.000	0.342
13.524	2.000	0.341
13.559	2.000	0.341
13.594	2.000	0.341
13.630	2.000	0.341
13.666	2.000	0.339
13.701	2.000	0.340
13.737	2.000	0.339
13.773	2.000	0.339
13.808	2.000	0.339
13.843	2.000	0.339
13.878	2.000	0.339
13.913	2.000	0.339
13.948	2.000	0.339
13.983	2.000	0.338
14.018	2.000	0.339
14.053	2.000	0.339
14.088	2.000	0.338
14.123	2.000	0.339
14.159	2.000	0.339
14.194	2.000	0.339
14.229	2.000	0.338
14.264	2.000	0.338
14.299	2.000	0.338
14.334	2.000	0.339
14.369	2.000	0.339
14.404	2.000	0.339
14.439	2.000	0.339
14.474	2.000	0.338
14.510	2.000	0.339
14.545	2.000	0.338
14.580	2.000	0.338
14.615	2.000	0.338
14.651	2.000	0.337
14.686	2.000	0.338
14.722	2.000	0.338
14.757	2.000	0.338
14.792	2.000	0.338
14.827	2.000	0.337
14.862	2.000	0.338
14.897	2.000	0.338
14.932	2.000	0.338
14.967	2.000	0.338
15.002	2.000	0.338
15.037	2.000	0.338
15.072	2.000	0.338
15.107	2.000	0.338
15.142	2.000	0.338
15.177	2.000	0.338
15.212	2.000	0.338
15.249	2.000	0.338
15.284	2.000	0.337
15.319	2.000	0.338
15.354	2.000	0.339
15.391	2.000	0.338
15.426	2.000	0.338
15.461	2.000	0.338
15.497	2.000	0.338
15.532	2.000	0.339
15.568	2.000	0.339
15.603	2.000	0.339
15.639	2.000	0.338
15.675	2.000	0.338
15.710	2.000	0.338
15.746	2.000	0.338
15.781	2.000	0.339
15.816	2.000	0.338
15.851	2.000	0.338
15.886	2.000	0.338
15.921	2.000	0.338
15.958	2.000	0.337
15.993	2.000	0.337
16.028	2.000	0.338
16.063	2.000	0.338
16.098	2.000	0.338
16.133	2.000	0.338
16.168	2.000	0.338
16.203	2.000	0.338
16.238	2.000	0.338
16.274	2.000	0.338
16.309	2.000	0.338
16.344	2.000	0.338
16.379	2.000	0.338
16.414	2.000	0.338
16.449	2.000	0.337
16.484	2.000	0.338
16.520	2.000	0.338
16.555	2.000	0.337
16.590	2.000	0.338
16.625	2.000	0.338
16.660	2.000	0.338
16.695	2.000	0.337
16.730	2.000	0.339
16.766	2.000	0.338
16.801	2.000	0.339
16.837	2.000	0.338
16.872	2.000	0.338
16.907	2.000	0.338
16.942	2.000	0.338
16.977	2.000	0.338
17.012	2.000	0.338
17.047	2.000	0.338
17.082	2.000	0.337
17.118	2.000	0.338
17.153	2.000	0.337
17.188	2.000	0.338
17.223	2.000	0.338
17.258	2.000	0.338
17.293	2.000	0.337
17.329	2.000	0.337
17.364	2.000	0.337
17.399	2.000	0.337
17.434	2.000	0.337
17.469	2.000	0.338
17.504	2.000	0.338
17.539	2.000	0.337
17.574	2.000	0.337
17.609	2.000	0.338
17.644	2.000	0.337
17.679	2.000	0.337
17.714	2.000	0.338
17.750	2.000	0.337
17.785	2.000	0.337
17.820	2.000	0.337
17.855	2.000	0.337
17.890	2.000	0.337
17.925	2.000	0.337
17.960	2.000	0.337
17.995	2.000	0.337
18.030	2.000	0.337
18.065	2.000	0.337
18.100	2.000	0.336
18.135	2.000	0.336
18.170	2.000	0.337
18.206	2.000	0.337
18.241	2.000	0.338
18.278	2.000	0.338
18.313	2.000	0.337
18.348	2.000	0.337
18.383	2.000	0.337
18.418	2.000	0.337
18.453	2.000	0.338
18.488	2.000	0.338
18.523	2.000	0.338
18.558	2.000	0.338
18.593	2.000	0.338
18.629	2.000	0.338
18.664	2.000	0.338
18.700	2.000	0.338
18.735	2.000	0.338
