0.000	0.000	0.000
0.036	0.000	0.000
0.071	0.000	0.000
0.106	0.000	0.000
0.141	0.000	0.000
0.176	0.000	0.000
0.212	0.000	0.000
0.248	0.000	0.000
0.283	0.000	0.000
0.319	0.000	0.000
0.354	0.000	0.000
0.389	0.000	0.000
0.424	0.000	0.000
0.460	0.000	0.000
0.495	0.000	0.000
0.530	0.000	0.000
0.565	0.000	0.000
0.600	0.000	0.000
0.635	0.000	0.000
0.670	0.000	0.000
0.705	0.000	0.000
0.740	0.000	0.000
0.775	0.000	0.000
0.810	0.000	0.000
0.845	0.000	0.000
0.880	0.000	0.000
0.915	0.000	0.000
0.951	0.000	0.000
0.986	0.000	0.000
1.021	0.000	0.000
1.056	0.000	0.000
1.091	0.000	0.000
1.126	0.000	0.000
1.161	0.000	0.000
1.196	0.000	0.000
1.231	0.000	0.000
1.266	0.000	0.000
1.301	0.000	0.000
1.336	0.000	0.000
1.371	0.000	0.000
1.407	0.000	0.000
1.443	0.000	0.000
1.479	0.000	0.000
1.514	0.000	0.000
1.549	0.000	0.000
1.584	0.000	0.000
1.619	0.000	0.000
1.654	0.000	0.000
1.690	0.000	0.000
1.725	0.000	0.000
1.761	0.000	0.000
1.796	0.000	0.000
1.831	0.000	0.000
1.866	0.000	0.000
1.901	0.000	0.000
1.936	0.000	0.000
1.971	0.000	0.000
2.006	0.000	0.000
2.041	0.000	0.000
2.076	0.000	0.000
2.111	0.000	0.000
2.146	0.000	0.000
2.181	0.000	0.000
2.216	0.000	0.000
2.251	0.000	0.000
2.286	0.000	0.000
2.321	0.000	0.000
2.356	0.000	0.000
2.391	0.000	0.000
2.426	0.000	0.000
2.462	0.000	0.000
2.497	0.000	0.000
2.532	0.000	0.000
2.567	0.000	0.000
2.603	0.000	0.000
2.638	0.000	0.000
2.673	0.000	0.000
2.708	0.000	0.000
2.744	0.000	0.000
2.779	0.000	0.000
2.814	0.000	0.000
2.849	0.000	0.000
2.885	0.000	0.000
2.920	0.000	0.000
2.955	0.000	0.000
2.991	0.000	0.000
3.026	0.000	0.000
3.061	0.000	0.000
3.097	0.000	0.000
3.133	0.000	0.000
3.168	0.000	0.000
3.204	0.000	0.000
3.240	0.000	0.000
3.275	0.000	0.000
3.310	0.000	0.000
3.345	0.000	0.000
3.380	0.000	0.000
3.415	0.000	0.000
3.450	0.000	0.000
3.485	0.000	0.000
3.520	0.000	0.000
3.555	0.000	0.000
3.590	0.000	0.000
3.625	0.000	0.000
3.660	0.000	0.000
3.695	0.000	0.000
3.731	0.000	0.000
3.766	0.000	0.000
3.801	0.000	0.000
3.836	0.000	0.000
3.871	0.000	0.000
3.906	0.000	0.000
3.942	0.000	0.000
3.978	0.000	0.000
4.013	0.000	0.000
4.048	0.000	0.000
4.083	0.000	0.000
4.118	0.000	0.000
4.153	0.000	0.000
4.188	0.000	0.000
4.223	0.000	0.000
4.258	0.000	0.000
4.293	0.000	0.000
4.329	0.000	0.000
4.365	0.000	0.000
4.400	0.000	0.000
4.436	0.000	0.000
4.471	0.000	0.000
4.506	0.000	0.000
4.541	0.000	0.000
4.576	0.000	0.000
4.611	0.000	0.000
4.646	0.000	0.000
4.681	0.000	0.000
4.717	0.000	0.000
4.752	0.000	0.000
4.788	0.000	0.000
4.824	0.000	0.000
4.860	0.000	0.000
4.895	0.000	0.000
4.930	0.000	0.000
4.965	0.000	0.000
5.000	0.000	0.000
5.035	0.000	0.000
5.071	0.000	0.000
5.106	0.000	0.000
5.141	0.000	0.000
5.176	0.000	0.000
5.211	0.000	0.000
5.247	0.000	0.000
5.283	0.000	0.000
5.318	0.000	0.000
5.353	0.000	0.000
5.388	0.000	0.000
5.423	0.000	0.000
5.458	0.000	0.000
5.494	0.000	0.000
5.529	0.000	0.000
5.565	0.000	0.000
5.600	0.000	0.000
5.635	0.000	0.000
5.670	0.000	0.000
5.705	0.000	0.000
5.741	0.000	0.000
5.776	0.000	0.000
5.811	0.000	0.000
5.847	0.000	0.000
5.882	0.000	0.000
5.917	0.000	0.000
5.952	0.000	0.000
5.988	0.000	0.000
6.023	0.000	0.000
6.058	0.000	0.000
6.094	0.000	0.000
6.129	0.000	0.000
6.164	0.000	0.000
6.199	0.000	0.000
6.234	0.000	0.000
6.269	0.000	0.000
6.304	0.000	0.000
6.339	0.000	0.000
6.374	0.000	0.000
6.409	0.000	0.000
6.444	0.000	0.000
6.479	0.000	0.000
6.514	0.000	0.000
6.549	0.000	0.000
6.584	-2.000	0.000
6.619	-2.000	0.000
6.655	-2.000	-0.027
6.690	-2.000	-0.080
6.725	-2.000	-0.130
6.760	-2.000	-0.173
6.796	-2.000	-0.211
6.831	-2.000	-0.243
6.866	-2.000	-0.270
6.901	-2.000	-0.294
6.936	-2.000	-0.314
6.972	-2.000	-0.332
7.008	-2.000	-0.347
7.043	-2.000	-0.359
7.078	-2.000	-0.370
7.113	-2.000	-0.380
7.148	-2.000	-0.388
7.183	-2.000	-0.395
7.218	-2.000	-0.401
7.253	-2.000	-0.407
7.288	-2.000	-0.410
7.324	-2.000	-0.414
7.360	-2.000	-0.418
7.395	-2.000	-0.420
7.430	-2.000	-0.424
7.465	-2.000	-0.424
7.500	-2.000	-0.427
7.535	-2.000	-0.428
7.570	-2.000	-0.430
7.605	-2.000	-0.432
7.640	-2.000	-0.432
7.675	-2.000	-0.434
7.711	-2.000	-0.434
7.747	-2.000	-0.434
7.783	-2.000	-0.435
7.818	-2.000	-0.436
7.853	-2.000	-0.436
7.888	-2.000	-0.435
7.923	-2.000	-0.436
7.959	-2.000	-0.436
7.994	-2.000	-0.437
8.029	-2.000	-0.437
8.064	-2.000	-0.437
8.100	-2.000	-0.437
8.135	-2.000	-0.438
8.170	-2.000	-0.438
8.206	-2.000	-0.438
8.241	-2.000	-0.437
8.276	-2.000	-0.438
8.311	-2.000	-0.438
8.346	-2.000	-0.437
8.381	-2.000	-0.439
8.416	-2.000	-0.438
8.451	-2.000	-0.437
8.486	-2.000	-0.438
8.521	-2.000	-0.438
8.556	-2.000	-0.439
8.591	-2.000	-0.439
8.626	-2.000	-0.439
8.661	-2.000	-0.438
8.696	-2.000	-0.439
8.731	-2.000	-0.438
8.766	-2.000	-0.439
8.801	-2.000	-0.438
8.836	-2.000	-0.439
8.871	-2.000	-0.439
8.906	-2.000	-0.439
8.941	-2.000	-0.439
8.977	-2.000	-0.439
9.013	-2.000	-0.438
9.048	-2.000	-0.439
9.084	-2.000	-0.439
9.119	-2.000	-0.439
9.154	-2.000	-0.440
9.189	-2.000	-0.439
9.224	-2.000	-0.440
9.259	-2.000	-0.439
9.295	-2.000	-0.439
9.330	-2.000	-0.439
9.365	-2.000	-0.440
9.400	-2.000	-0.440
9.435	-2.000	-0.440
9.470	-2.000	-0.439
9.505	-2.000	-0.440
9.540	-2.000	-0.439
9.575	-2.000	-0.441
9.610	-2.000	-0.441
9.645	-2.000	-0.440
9.680	-2.000	-0.440
9.716	-2.000	-0.440
9.751	-2.000	-0.439
9.786	-2.000	-0.440
9.821	-2.000	-0.439
9.856	-2.000	-0.439
9.891	-2.000	-0.440
9.926	-2.000	-0.438
9.961	-2.000	-0.439
9.996	-2.000	-0.439
10.031	-2.000	-0.439
10.066	-2.000	-0.440
10.101	-2.000	-0.439
10.136	-2.000	-0.439
10.171	-2.000	-0.440
10.207	-2.000	-0.440
10.242	-2.000	-0.438
10.277	-2.000	-0.438
10.312	-2.000	-0.438
10.347	-2.000	-0.440
10.382	-2.000	-0.439
10.417	-2.000	-0.439
10.453	-2.000	-0.439
10.488	-2.000	-0.439
10.523	-2.000	-0.439
10.558	-2.000	-0.439
10.594	-2.000	-0.439
10.630	-2.000	-0.440
10.666	-2.000	-0.438
10.701	-2.000	-0.439
10.736	-2.000	-0.440
10.771	-2.000	-0.440
10.806	-2.000	-0.439
10.841	-2.000	-0.439
10.876	-2.000	-0.438
10.911	-2.000	-0.440
10.946	-2.000	-0.440
10.981	-2.000	-0.440
11.016	-2.000	-0.438
11.051	-2.000	-0.439
11.086	-2.000	-0.439
11.121	-2.000	-0.439
11.156	-2.000	-0.438
11.191	-2.000	-0.438
11.226	-2.000	-0.440
11.261	-2.000	-0.439
11.297	-2.000	-0.439
11.332	-2.000	-0.440
11.367	-2.000	-0.440
11.403	-2.000	-0.440
11.438	-2.000	-0.440
11.473	-2.000	-0.441
11.508	-2.000	-0.439
11.543	-2.000	-0.441
11.578	-2.000	-0.440
11.613	-2.000	-0.439
11.648	-2.000	-0.440
11.683	-2.000	-0.440
11.718	-2.000	-0.440
11.755	-2.000	-0.440
11.790	-2.000	-0.439
11.825	-2.000	-0.445
11.861	-2.000	-0.457
11.896	-2.000	-0.469
11.932	-2.000	-0.479
11.967	-2.000	-0.487
12.002	-2.000	-0.495
12.037	-2.000	-0.503
12.072	-2.000	-0.508
12.107	-2.000	-0.513
12.142	-2.000	-0.516
12.177	-2.000	-0.520
12.212	-2.000	-0.524
12.247	-2.000	-0.526
12.282	-2.000	-0.528
12.317	-2.000	-0.530
12.352	-2.000	-0.532
12.387	-2.000	-0.532
12.423	-2.000	-0.534
12.459	-2.000	-0.534
12.494	-2.000	-0.536
12.529	-2.000	-0.536
12.564	-2.000	-0.538
12.599	-2.000	-0.538
12.634	-2.000	-0.539
12.669	-2.000	-0.539
12.704	-2.000	-0.539
12.739	-2.000	-0.540
12.774	-2.000	-0.540
12.809	-2.000	-0.539
12.844	-2.000	-0.539
12.880	-2.000	-0.540
12.915	-2.000	-0.539
12.950	-2.000	-0.540
12.985	-2.000	-0.540
13.020	-2.000	-0.541
13.055	-2.000	-0.541
13.090	-2.000	-0.539
13.126	-2.000	-0.539
13.161	-2.000	-0.540
13.196	-2.000	-0.540
13.232	-2.000	-0.541
13.267	-2.000	-0.541
13.303	-2.000	-0.541
13.338	-2.000	-0.541
13.374	-2.000	-0.541
13.409	-2.000	-0.539
13.444	-2.000	-0.539
13.479	-2.000	-0.541
13.514	-2.000	-0.541
13.549	-2.000	-0.541
13.584	-2.000	-0.541
13.619	-2.000	-0.541
13.654	-2.000	-0.541
13.690	-2.000	-0.541
13.726	-2.000	-0.542
13.761	-2.000	-0.542
13.796	-2.000	-0.541
13.831	-2.000	-0.540
13.866	-2.000	-0.541
13.902	-2.000	-0.541
13.937	-2.000	-0.541
13.973	-2.000	-0.540
14.008	-2.000	-0.540
14.043	-2.000	-0.542
14.079	-2.000	-0.542
14.114	-2.000	-0.541
14.149	-2.000	-0.542
14.184	-2.000	-0.543
14.219	-2.000	-0.542
14.254	-2.000	-0.542
14.289	-2.000	-0.542
14.324	-2.000	-0.543
14.359	-2.000	-0.542
14.394	-2.000	-0.543
14.429	-2.000	-0.542
14.464	-2.000	-0.543
14.499	-2.000	-0.542
14.534	-2.000	-0.542
14.570	-2.000	-0.542
14.606	-2.000	-0.542
14.641	-2.000	-0.543
14.676	-2.000	-0.542
14.712	-2.000	-0.543
14.747	-2.000	-0.543
14.782	-2.000	-0.542
14.817	-2.000	-0.542
14.852	-2.000	-0.543
14.888	-2.000	-0.542
14.923	-2.000	-0.542
14.958	-2.000	-0.542
14.993	-2.000	-0.542
15.028	-2.000	-0.542
15.064	-2.000	-0.542
15.099	-2.000	-0.542
15.134	-2.000	-0.542
15.169	-2.000	-0.541
15.205	-2.000	-0.540
15.240	-2.000	-0.540
15.275	-2.000	-0.542
15.310	-2.000	-0.542
15.346	-2.000	-0.542
15.381	-2.000	-0.540
15.416	-2.000	-0.541
15.451	-2.000	-0.541
15.486	-2.000	-0.542
15.521	-2.000	-0.541
15.556	-2.000	-0.540
15.591	-2.000	-0.541
15.626	-2.000	-0.541
15.661	-2.000	-0.541
15.696	-2.000	-0.541
15.731	-2.000	-0.542
15.766	-2.000	-0.542
15.801	-2.000	-0.542
15.836	-2.000	-0.542
15.871	-2.000	-0.542
15.907	-2.000	-0.542
15.942	-2.000	-0.540
15.977	-2.000	-0.542
16.012	-2.000	-0.540
16.047	-2.000	-0.540
16.082	-2.000	-0.542
16.117	-2.000	-0.542
16.153	-2.000	-0.540
16.189	-2.000	-0.542
16.224	-2.000	-0.542
16.259	-2.000	-0.542
16.294	-2.000	-0.541
16.329	-2.000	-0.542
16.364	-2.000	-0.542
16.399	-2.000	-0.542
16.434	-2.000	-0.542
16.469	-2.000	-0.542
16.504	-2.000	-0.542
16.539	-2.000	-0.541
16.575	-2.000	-0.541
16.610	-2.000	-0.542
16.645	-2.000	-0.542
16.680	-2.000	-0.541
16.715	-2.000	-0.542
16.750	-2.000	-0.541
16.785	-2.000	-0.542
16.820	-2.000	-0.541
16.856	-2.000	-0.541
16.891	-2.000	-0.541
16.926	-2.000	-0.541
16.961	-2.000	-0.542
16.996	-2.000	-0.540
17.032	-2.000	-0.541
