0.000	0.000	0.000
0.036	0.000	0.000
0.071	0.000	0.000
0.106	0.000	0.000
0.141	0.000	0.000
0.176	0.000	0.000
0.211	0.000	0.000
0.246	0.000	0.000
0.281	0.000	0.000
0.316	0.000	0.000
0.351	0.000	0.000
0.386	0.000	0.000
0.421	0.000	0.000
0.456	0.000	0.000
0.491	0.000	0.000
0.526	0.000	0.000
0.561	0.000	0.000
0.596	0.000	0.000
0.631	0.000	0.000
0.666	0.000	0.000
0.701	0.000	0.000
0.736	0.000	0.000
0.771	0.000	0.000
0.806	0.000	0.000
0.841	0.000	0.000
0.876	0.000	0.000
0.911	0.000	0.000
0.946	0.000	0.000
0.981	0.000	0.000
1.016	0.000	0.000
1.051	0.000	0.000
1.088	0.000	0.000
1.123	0.000	0.000
1.158	0.000	0.000
1.194	0.000	0.000
1.229	0.000	0.000
1.264	0.000	0.000
1.299	0.000	0.000
1.335	0.000	0.000
1.370	0.000	0.000
1.405	0.000	0.000
1.440	0.000	0.000
1.475	0.000	0.000
1.510	0.000	0.000
1.545	0.000	0.000
1.580	0.000	0.000
1.616	0.000	0.000
1.651	0.000	0.000
1.686	0.000	0.000
1.721	0.000	0.000
1.756	0.000	0.000
1.791	0.000	0.000
1.826	0.000	0.000
1.861	0.000	0.000
1.897	0.000	0.000
1.933	0.000	0.000
1.968	0.000	0.000
2.003	0.000	0.000
2.038	0.000	0.000
2.073	0.000	0.000
2.108	0.000	0.000
2.143	0.000	0.000
2.178	0.000	0.000
2.214	0.000	0.000
2.249	0.000	0.000
2.284	0.000	0.000
2.319	0.000	0.000
2.354	0.000	0.000
2.389	0.000	0.000
2.424	0.000	0.000
2.459	0.000	0.000
2.494	0.000	0.000
2.529	0.000	0.000
2.564	0.000	0.000
2.599	0.000	0.000
2.634	0.000	0.000
2.670	0.000	0.000
2.705	0.000	0.000
2.740	0.000	0.000
2.775	0.000	0.000
2.810	0.000	0.000
2.846	0.000	0.000
2.882	0.000	0.000
2.917	0.000	0.000
2.952	0.000	0.000
2.987	0.000	0.000
3.022	0.000	0.000
3.058	0.000	0.000
3.093	0.000	0.000
3.129	0.000	0.000
3.164	0.000	0.000
3.199	0.000	0.000
3.234	0.000	0.000
3.269	0.000	0.000
3.304	0.000	0.000
3.339	0.000	0.000
3.374	0.000	0.000
3.409	0.000	0.000
3.444	0.000	0.000
3.480	0.000	0.000
3.515	0.000	0.000
3.550	0.000	0.000
3.585	0.000	0.000
3.620	0.000	0.000
3.655	0.000	0.000
3.690	0.000	0.000
3.725	0.000	0.000
3.761	0.000	0.000
3.796	0.000	0.000
3.832	0.000	0.000
3.868	0.000	0.000
3.903	0.000	0.000
3.939	0.000	0.000
3.974	0.000	0.000
4.009	0.000	0.000
4.044	0.000	0.000
4.079	0.000	0.000
4.114	0.000	0.000
4.149	0.000	0.000
4.184	0.000	0.000
4.219	0.000	0.000
4.255	0.000	0.000
4.290	0.000	0.000
4.325	0.000	0.000
4.360	0.000	0.000
4.395	0.000	0.000
4.430	0.000	0.000
4.465	0.000	0.000
4.500	0.000	0.000
4.535	0.000	0.000
4.570	0.000	0.000
4.605	0.000	0.000
4.642	0.000	0.000
4.678	0.000	0.000
4.713	0.000	0.000
4.749	0.000	0.000
4.784	0.000	0.000
4.819	0.000	0.000
4.854	0.000	0.000
4.890	0.000	0.000
4.925	0.000	0.000
4.960	0.000	0.000
4.995	0.000	0.000
5.030	0.000	0.000
5.065	0.000	0.000
5.101	0.000	0.000
5.136	0.000	0.000
5.171	0.000	0.000
5.206	0.000	0.000
5.241	0.000	0.000
5.276	0.000	0.000
5.311	0.000	0.000
5.346	0.000	0.000
5.381	0.000	0.000
5.416	0.000	0.000
5.451	0.000	0.000
5.486	0.000	0.000
5.522	0.000	0.000
5.557	0.000	0.000
5.592	0.000	0.000
5.628	0.000	0.000
5.663	0.000	0.000
5.698	0.000	0.000
5.734	0.000	0.000
5.769	0.000	0.000
5.804	0.000	0.000
5.839	0.000	0.000
5.875	0.000	0.000
5.910	0.000	0.000
5.946	0.000	0.000
5.982	0.000	0.000
6.017	0.000	0.000
6.052	0.000	0.000
6.087	0.000	0.000
6.122	0.000	0.000
6.158	0.000	0.000
6.193	0.000	0.000
6.229	0.000	0.000
6.264	0.000	0.000
6.299	0.000	0.000
6.334	0.000	0.000
6.370	0.000	0.000
6.405	0.000	0.000
6.440	0.000	0.000
6.475	0.000	0.000
6.510	0.000	0.000
6.545	0.000	0.000
6.580	0.000	0.000
6.615	0.000	0.000
6.650	0.000	0.000
6.685	0.000	0.000
6.720	0.000	0.000
6.755	0.000	0.000
6.791	0.000	0.000
6.826	0.000	0.000
6.862	0.000	0.000
6.898	0.000	0.000
6.933	0.000	0.000
6.969	0.000	0.000
7.004	0.000	0.000
7.039	0.000	0.000
7.075	0.000	0.000
7.110	0.000	0.000
7.145	0.000	0.000
7.180	0.000	0.000
7.216	0.000	0.000
7.251	0.000	0.000
7.286	0.000	0.000
7.321	0.000	0.000
7.356	0.000	0.000
7.391	0.000	0.000
7.426	0.000	0.000
7.461	0.000	0.000
7.496	0.000	0.000
7.531	0.000	0.000
7.566	0.000	0.000
7.601	0.000	0.000
7.636	0.000	0.000
7.671	0.000	0.000
7.706	0.000	0.000
7.741	0.000	0.000
7.777	0.000	0.000
7.812	5.000	0.000
7.848	5.000	0.000
7.884	5.000	0.077
7.919	5.000	0.209
7.954	5.000	0.341
7.989	5.000	0.449
8.024	5.000	0.547
8.060	5.000	0.630
8.095	5.000	0.697
8.130	5.000	0.762
8.165	5.000	0.813
8.200	5.000	0.859
8.235	5.000	0.898
8.270	5.000	0.932
8.305	5.000	0.957
8.340	5.000	0.985
8.375	5.000	1.006
8.410	5.000	1.023
8.445	5.000	1.039
8.480	5.000	1.051
8.515	5.000	1.062
8.550	5.000	1.075
8.585	5.000	1.083
8.621	5.000	1.091
8.656	5.000	1.093
8.691	5.000	1.099
8.726	5.000	1.104
8.761	5.000	1.109
8.796	5.000	1.112
8.832	5.000	1.115
8.867	5.000	1.117
8.903	5.000	1.123
8.938	5.000	1.120
8.973	5.000	1.126
9.008	5.000	1.126
9.043	5.000	1.129
9.079	5.000	1.129
9.115	5.000	1.130
9.150	5.000	1.131
9.185	5.000	1.127
9.220	5.000	1.127
9.255	5.000	1.132
9.290	5.000	1.129
9.325	5.000	1.130
9.360	5.000	1.129
9.395	5.000	1.129
9.430	5.000	1.133
9.465	5.000	1.130
9.500	5.000	1.131
9.536	5.000	1.132
9.571	5.000	1.131
9.608	5.000	1.132
9.643	5.000	1.129
9.679	5.000	1.131
9.714	5.000	1.130
9.749	5.000	1.131
9.784	5.000	1.132
9.819	5.000	1.133
9.854	5.000	1.130
9.889	5.000	1.131
9.924	5.000	1.132
9.959	5.000	1.131
9.995	5.000	1.130
10.030	5.000	1.131
10.065	5.000	1.132
10.100	5.000	1.132
10.135	5.000	1.133
10.171	5.000	1.135
10.206	5.000	1.131
10.241	5.000	1.133
10.278	5.000	1.132
10.313	5.000	1.132
10.349	5.000	1.136
10.384	5.000	1.136
10.419	5.000	1.133
10.454	5.000	1.133
10.490	5.000	1.133
10.525	5.000	1.135
10.560	5.000	1.133
10.597	5.000	1.134
10.632	5.000	1.131
10.668	5.000	1.131
10.703	5.000	1.131
10.738	5.000	1.132
10.774	5.000	1.130
10.810	5.000	1.130
10.845	5.000	1.130
10.880	5.000	1.130
10.915	5.000	1.130
10.950	5.000	1.132
10.986	5.000	1.132
11.021	5.000	1.129
11.056	5.000	1.130
11.091	5.000	1.130
11.126	5.000	1.131
11.161	5.000	1.131
11.196	5.000	1.132
11.231	5.000	1.129
11.267	5.000	1.129
11.302	5.000	1.129
11.337	5.000	1.132
11.372	5.000	1.132
11.407	5.000	1.132
11.442	5.000	1.131
11.477	5.000	1.132
11.512	5.000	1.131
11.547	5.000	1.132
11.582	5.000	1.129
11.617	5.000	1.133
11.652	5.000	1.132
11.688	5.000	1.129
11.723	5.000	1.129
11.758	5.000	1.130
11.794	5.000	1.134
11.830	5.000	1.130
11.865	5.000	1.130
11.901	5.000	1.135
11.937	5.000	1.130
11.972	5.000	1.131
12.007	5.000	1.131
12.042	5.000	1.134
12.077	5.000	1.133
12.112	5.000	1.133
12.148	5.000	1.131
12.183	5.000	1.132
12.218	5.000	1.130
12.253	5.000	1.128
12.288	5.000	1.129
12.323	5.000	1.128
12.358	5.000	1.130
12.393	5.000	1.132
12.428	5.000	1.131
12.463	5.000	1.132
12.498	5.000	1.131
12.533	5.000	1.131
12.568	5.000	1.131
12.603	5.000	1.126
12.639	5.000	1.128
12.674	5.000	1.129
12.709	5.000	1.125
12.744	5.000	1.126
12.779	5.000	1.127
12.815	5.000	1.130
12.850	5.000	1.130
12.885	5.000	1.128
12.920	5.000	1.129
12.956	5.000	1.126
12.991	5.000	1.130
13.027	5.000	1.131
13.062	5.000	1.130
13.097	5.000	1.128
13.132	5.000	1.130
13.167	5.000	1.130
13.202	5.000	1.131
13.237	5.000	1.131
13.272	5.000	1.128
13.308	5.000	1.129
13.344	5.000	1.127
13.380	5.000	1.132
13.415	5.000	1.128
13.450	5.000	1.129
13.485	5.000	1.132
13.520	5.000	1.129
13.555	5.000	1.129
13.590	5.000	1.132
13.625	5.000	1.132
13.660	5.000	1.129
13.695	5.000	1.129
13.730	5.000	1.132
13.765	5.000	1.126
13.801	5.000	1.113
13.836	5.000	1.099
13.871	5.000	1.092
13.906	5.000	1.084
13.941	5.000	1.074
13.976	5.000	1.069
14.013	5.000	1.063
14.049	5.000	1.055
14.084	5.000	1.055
14.119	5.000	1.052
14.154	5.000	1.048
14.189	5.000	1.043
14.225	5.000	1.041
14.260	5.000	1.040
14.295	5.000	1.039
14.331	5.000	1.039
14.366	5.000	1.034
14.401	5.000	1.035
14.437	5.000	1.033
14.472	5.000	1.033
14.508	5.000	1.034
14.543	5.000	1.034
14.579	5.000	1.032
14.614	5.000	1.033
14.649	5.000	1.030
14.684	5.000	1.030
14.719	5.000	1.028
14.755	5.000	1.030
14.790	5.000	1.030
14.825	5.000	1.030
14.860	5.000	1.030
14.895	5.000	1.028
14.930	5.000	1.027
14.965	5.000	1.028
15.000	5.000	1.026
15.035	5.000	1.027
15.070	5.000	1.027
15.105	5.000	1.027
15.140	5.000	1.026
15.176	5.000	1.027
15.212	5.000	1.029
15.247	5.000	1.025
15.284	5.000	1.027
15.319	5.000	1.024
15.354	5.000	1.025
15.389	5.000	1.025
15.424	5.000	1.027
15.459	5.000	1.027
15.495	5.000	1.025
15.530	5.000	1.024
15.565	5.000	1.025
15.600	5.000	1.025
15.635	5.000	1.025
15.670	5.000	1.028
15.705	5.000	1.029
15.740	5.000	1.029
15.775	5.000	1.025
15.810	5.000	1.028
15.845	5.000	1.029
15.880	5.000	1.030
15.915	5.000	1.026
15.950	5.000	1.028
15.985	5.000	1.027
16.020	5.000	1.028
16.056	5.000	1.029
16.091	5.000	1.031
16.126	5.000	1.031
16.161	5.000	1.030
16.196	5.000	1.027
16.232	5.000	1.030
16.268	5.000	1.027
16.303	5.000	1.027
16.339	5.000	1.030
16.374	5.000	1.031
16.410	5.000	1.028
16.445	5.000	1.027
16.481	5.000	1.028
16.516	5.000	1.030
16.551	5.000	1.030
16.586	5.000	1.030
16.621	5.000	1.029
16.657	5.000	1.027
16.692	5.000	1.028
16.727	5.000	1.028
16.762	5.000	1.028
16.798	5.000	1.026
16.833	5.000	1.027
16.869	5.000	1.024
16.904	5.000	1.024
16.939	5.000	1.027
16.974	5.000	1.027
17.010	5.000	1.028
17.045	5.000	1.024
17.080	5.000	1.024
17.117	5.000	1.025
17.152	5.000	1.024
17.187	5.000	1.025
17.222	5.000	1.028
17.257	5.000	1.026
17.292	5.000	1.027
17.327	5.000	1.025
17.362	5.000	1.027
17.398	5.000	1.027
17.434	5.000	1.026
17.469	5.000	1.026
17.504	5.000	1.024
17.539	5.000	1.024
17.574	5.000	1.025
17.610	5.000	1.026
17.645	5.000	1.022
17.680	5.000	1.024
17.715	5.000	1.025
17.750	5.000	1.024
17.785	5.000	1.024
17.821	5.000	1.026
17.857	5.000	1.024
17.892	5.000	1.025
17.928	5.000	1.025
17.963	5.000	1.027
17.998	5.000	1.028
18.034	5.000	1.028
18.070	5.000	1.028
18.105	5.000	1.024
18.140	5.000	1.025
18.176	5.000	1.026
18.212	5.000	1.028
18.247	5.000	1.024
18.282	5.000	1.029
18.318	5.000	1.027
18.353	5.000	1.025
18.389	5.000	1.026
18.424	5.000	1.029
18.459	5.000	1.027
18.494	5.000	1.027
18.530	5.000	1.027
18.565	5.000	1.029
18.602	5.000	1.028
18.637	5.000	1.025
18.672	5.000	1.029
18.707	5.000	1.028
18.743	5.000	1.028
18.779	5.000	1.025
18.814	5.000	1.028
18.849	5.000	1.027
18.885	5.000	1.026
18.920	5.000	1.023
18.955	5.000	1.023
18.990	5.000	1.024
19.025	5.000	1.025
19.061	5.000	1.024
19.096	5.000	1.023
19.131	5.000	1.026
19.166	5.000	1.026
19.201	5.000	1.024
19.236	5.000	1.023
19.272	5.000	1.024
19.307	5.000	1.024
19.342	5.000	1.023
19.377	5.000	1.020
19.412	5.000	1.020
19.448	5.000	1.023
19.483	5.000	1.023
19.519	5.000	1.022
19.554	5.000	1.022
19.589	5.000	1.023
19.624	5.000	1.023
19.660	5.000	1.019
19.695	5.000	1.023
19.730	5.000	1.019
19.765	5.000	1.021
19.800	5.000	1.022
19.836	5.000	1.023
19.871	5.000	1.024
19.907	5.000	1.024
19.942	5.000	1.025
19.977	5.000	1.026
20.012	5.000	1.023
20.047	5.000	1.023
20.084	5.000	1.027
20.119	5.000	1.024
20.154	5.000	1.025
20.189	5.000	1.025
20.224	5.000	1.027
20.259	5.000	1.027
20.294	5.000	1.027
20.330	5.000	1.023
20.366	5.000	1.021
20.401	5.000	1.025
20.436	5.000	1.024
20.471	5.000	1.022
20.507	5.000	1.022
20.542	5.000	1.023
20.577	5.000	1.023
20.612	5.000	1.023
20.647	5.000	1.023
20.682	5.000	1.023
20.718	5.000	1.021
20.753	5.000	1.023
20.788	5.000	1.021
20.823	5.000	1.024
20.858	5.000	1.022
20.894	5.000	1.024
20.929	5.000	1.021
20.965	5.000	1.025
21.000	5.000	1.022
21.036	5.000	1.023
21.071	5.000	1.027
21.107	5.000	1.024
21.142	5.000	1.024
21.177	5.000	1.028
21.212	5.000	1.027
21.247	5.000	1.027
21.282	5.000	1.027
21.318	5.000	1.025
21.353	5.000	1.028
21.388	5.000	1.028
21.423	5.000	1.027
21.459	5.000	1.027
21.494	5.000	1.024
21.529	5.000	1.028
21.564	5.000	1.028
21.599	5.000	1.025
21.634	5.000	1.025
21.670	5.000	1.026
21.705	5.000	1.026
21.740	5.000	1.023
21.775	5.000	1.025
21.810	5.000	1.026
21.845	5.000	1.026
21.881	5.000	1.025
21.916	5.000	1.022
21.951	5.000	1.024
21.987	5.000	1.024
22.022	5.000	1.024
22.058	5.000	1.023
22.094	5.000	1.024
22.129	5.000	1.020
22.164	5.000	1.024
22.199	5.000	1.022
22.234	5.000	1.019
22.269	5.000	1.022
