0.000	0.000	0.000
0.036	0.000	0.000
0.071	0.000	0.000
0.106	0.000	0.000
0.142	0.000	0.000
0.177	0.000	0.000
0.212	0.000	0.000
0.247	0.000	0.000
0.282	0.000	0.000
0.317	0.000	0.000
0.352	0.000	0.000
0.387	0.000	0.000
0.422	0.000	0.000
0.457	0.000	0.000
0.492	0.000	0.000
0.527	0.000	0.000
0.562	0.000	0.000
0.597	0.000	0.000
0.632	0.000	0.000
0.667	0.000	0.000
0.702	0.000	0.000
0.737	0.000	0.000
0.772	0.000	0.000
0.807	0.000	0.000
0.843	0.000	0.000
0.878	0.000	0.000
0.913	0.000	0.000
0.949	0.000	0.000
0.984	0.000	0.000
1.019	0.000	0.000
1.054	0.000	0.000
1.090	0.000	0.000
1.125	0.000	0.000
1.160	0.000	0.000
1.195	0.000	0.000
1.231	0.000	0.000
1.266	0.000	0.000
1.301	0.000	0.000
1.336	0.000	0.000
1.372	0.000	0.000
1.407	0.000	0.000
1.442	0.000	0.000
1.477	0.000	0.000
1.512	0.000	0.000
1.547	0.000	0.000
1.582	0.000	0.000
1.617	0.000	0.000
1.652	0.000	0.000
1.687	0.000	0.000
1.722	0.000	0.000
1.757	0.000	0.000
1.792	0.000	0.000
1.828	0.000	0.000
1.863	0.000	0.000
1.898	0.000	0.000
1.933	0.000	0.000
1.968	0.000	0.000
2.003	0.000	0.000
2.038	0.000	0.000
2.073	0.000	0.000
2.108	0.000	0.000
2.143	0.000	0.000
2.178	0.000	0.000
2.214	0.000	0.000
2.249	0.000	0.000
2.284	0.000	0.000
2.319	0.000	0.000
2.355	0.000	0.000
2.390	0.000	0.000
2.425	0.000	0.000
2.461	0.000	0.000
2.496	0.000	0.000
2.531	0.000	0.000
2.566	0.000	0.000
2.601	0.000	0.000
2.636	0.000	0.000
2.672	0.000	0.000
2.707	0.000	0.000
2.742	0.000	0.000
2.777	0.000	0.000
2.812	0.000	0.000
2.847	0.000	0.000
2.882	0.000	0.000
2.917	0.000	0.000
2.952	0.000	0.000
2.987	0.000	0.000
3.022	0.000	0.000
3.057	0.000	0.000
3.092	0.000	0.000
3.127	0.000	0.000
3.162	0.000	0.000
3.197	0.000	0.000
3.233	0.000	0.000
3.268	0.000	0.000
3.304	0.000	0.000
3.339	0.000	0.000
3.374	0.000	0.000
3.409	0.000	0.000
3.444	0.000	0.000
3.479	0.000	0.000
3.514	0.000	0.000
3.550	0.000	0.000
3.585	0.000	0.000
3.620	0.000	0.000
3.655	0.000	0.000
3.691	0.000	0.000
3.727	0.000	0.000
3.762	0.000	0.000
3.797	0.000	0.000
3.832	0.000	0.000
3.867	0.000	0.000
3.902	0.000	0.000
3.937	0.000	0.000
3.973	0.000	0.000
4.008	0.000	0.000
4.043	0.000	0.000
4.078	0.000	0.000
4.113	0.000	0.000
4.149	0.000	0.000
4.184	0.000	0.000
4.219	0.000	0.000
4.254	0.000	0.000
4.289	0.000	0.000
4.324	0.000	0.000
4.359	0.000	0.000
4.394	0.000	0.000
4.429	0.000	0.000
4.464	0.000	0.000
4.499	0.000	0.000
4.534	0.000	0.000
4.569	0.000	0.000
4.604	0.000	0.000
4.639	0.000	0.000
4.674	0.000	0.000
4.710	0.000	0.000
4.745	0.000	0.000
4.781	0.000	0.000
4.817	0.000	0.000
4.852	0.000	0.000
4.887	0.000	0.000
4.922	0.000	0.000
4.957	0.000	0.000
4.993	0.000	0.000
5.028	0.000	0.000
5.063	0.000	0.000
5.099	0.000	0.000
5.134	0.000	0.000
5.169	0.000	0.000
5.205	0.000	0.000
5.241	0.000	0.000
5.276	0.000	0.000
5.311	0.000	0.000
5.346	0.000	0.000
5.381	0.000	0.000
5.416	0.000	0.000
5.452	0.000	0.000
5.487	0.000	0.000
5.522	0.000	0.000
5.558	0.000	0.000
5.593	0.000	0.000
5.628	0.000	0.000
5.663	0.000	0.000
5.698	0.000	0.000
5.733	0.000	0.000
5.768	0.000	0.000
5.803	0.000	0.000
5.839	0.000	0.000
5.874	0.000	0.000
5.909	0.000	0.000
5.944	0.000	0.000
5.979	0.000	0.000
6.014	0.000	0.000
6.050	0.000	0.000
6.085	0.000	0.000
6.120	0.000	0.000
6.155	0.000	0.000
6.190	0.000	0.000
6.225	0.000	0.000
6.260	0.000	0.000
6.296	0.000	0.000
6.331	0.000	0.000
6.366	0.000	0.000
6.401	0.000	0.000
6.436	0.000	0.000
6.471	0.000	0.000
6.506	0.000	0.000
6.541	0.000	0.000
6.576	0.000	0.000
6.611	0.000	0.000
6.646	0.000	0.000
6.682	0.000	0.000
6.717	0.000	0.000
6.752	0.000	0.000
6.787	0.000	0.000
6.823	0.000	0.000
6.858	0.000	0.000
6.894	0.000	0.000
6.929	0.000	0.000
6.965	0.000	0.000
7.000	0.000	0.000
7.035	0.000	0.000
7.070	0.000	0.000
7.105	0.000	0.000
7.140	0.000	0.000
7.175	0.000	0.000
7.210	0.000	0.000
7.245	0.000	0.000
7.280	0.000	0.000
7.315	0.000	0.000
7.351	0.000	0.000
7.386	0.000	0.000
7.421	0.000	0.000
7.457	0.000	0.000
7.492	0.000	0.000
7.527	0.000	0.000
7.562	0.000	0.000
7.598	0.000	0.000
7.634	0.000	0.000
7.669	0.000	0.000
7.704	0.000	0.000
7.741	0.000	0.000
7.777	0.000	0.000
7.812	0.000	0.000
7.848	0.000	0.000
7.883	0.000	0.000
7.918	0.000	0.000
7.954	0.000	0.000
7.989	0.000	0.000
8.024	0.000	0.000
8.059	0.000	0.000
8.094	0.000	0.000
8.129	0.000	0.000
8.164	0.000	0.000
8.199	0.000	0.000
8.234	0.000	0.000
8.270	0.000	0.000
8.305	0.000	0.000
8.340	0.000	0.000
8.375	0.000	0.000
8.410	0.000	0.000
8.445	0.000	0.000
8.480	0.000	0.000
8.515	0.000	0.000
8.550	0.000	0.000
8.585	0.000	0.000
8.620	0.000	0.000
8.655	0.000	0.000
8.690	0.000	0.000
8.725	0.000	0.000
8.760	0.000	0.000
8.795	0.000	0.000
8.831	0.000	0.000
8.867	0.000	0.000
8.902	0.000	0.000
8.938	0.000	0.000
8.973	0.000	0.000
9.008	0.000	0.000
9.043	0.000	0.000
9.078	0.000	0.000
9.113	0.000	0.000
9.149	0.000	0.000
9.184	0.000	0.000
9.219	0.000	0.000
9.254	0.000	0.000
9.289	0.000	0.000
9.324	0.000	0.000
9.359	0.000	0.000
9.395	0.000	0.000
9.431	0.000	0.000
9.466	0.000	0.000
9.501	0.000	0.000
9.536	0.000	0.000
9.572	0.000	0.000
9.607	0.000	0.000
9.642	0.000	0.000
9.678	0.000	0.000
9.713	0.000	0.000
9.748	0.000	0.000
9.783	0.000	0.000
9.818	0.000	0.000
9.853	0.000	0.000
9.888	0.000	0.000
9.923	0.000	0.000
9.958	0.000	0.000
9.994	0.000	0.000
10.029	0.000	0.000
10.064	0.000	0.000
10.099	0.000	0.000
10.135	0.000	0.000
10.170	0.000	0.000
10.205	0.000	0.000
10.240	0.000	0.000
10.275	0.000	0.000
10.310	0.000	0.000
10.345	0.000	0.000
10.380	0.000	0.000
10.415	0.000	0.000
10.450	0.000	0.000
10.485	0.000	0.000
10.520	0.000	0.000
10.555	0.000	0.000
10.590	0.000	0.000
10.625	0.000	0.000
10.660	0.000	0.000
10.695	0.000	0.000
10.731	0.000	0.000
10.766	0.000	0.000
10.802	0.000	0.000
10.838	0.000	0.000
10.873	0.000	0.000
10.908	0.000	0.000
10.943	0.000	0.000
10.979	0.000	0.000
11.014	0.000	0.000
11.049	0.000	0.000
11.084	0.000	0.000
11.119	0.000	0.000
11.154	0.000	0.000
11.189	0.000	0.000
11.224	0.000	0.000
11.259	0.000	0.000
11.294	0.000	0.000
11.330	0.000	0.000
11.365	0.000	0.000
11.400	0.000	0.000
11.435	0.000	0.000
11.470	0.000	0.000
11.505	0.000	0.000
11.540	0.000	0.000
11.576	0.000	0.000
11.611	0.000	0.000
11.646	0.000	0.000
11.682	0.000	0.000
11.717	0.000	0.000
11.752	0.000	0.000
11.787	0.000	0.000
11.823	0.000	0.000
11.859	0.000	0.000
11.895	0.000	0.000
11.930	0.000	0.000
11.965	0.000	0.000
12.001	0.000	0.000
12.036	0.000	0.000
12.071	0.000	0.000
12.106	0.000	0.000
12.141	0.000	0.000
12.176	0.000	0.000
12.211	0.000	0.000
12.247	0.000	0.000
12.282	0.000	0.000
12.317	0.000	0.000
12.352	0.000	0.000
12.387	0.000	0.000
12.422	0.000	0.000
12.457	0.000	0.000
12.492	0.000	0.000
12.527	0.000	0.000
12.562	0.000	0.000
12.597	0.000	0.000
12.632	0.000	0.000
12.667	-5.000	0.000
12.702	-5.000	0.000
12.737	-5.000	-0.072
12.772	-5.000	-0.202
12.808	-5.000	-0.332
12.844	-5.000	-0.443
12.879	-5.000	-0.541
12.914	-5.000	-0.626
12.949	-5.000	-0.698
12.984	-5.000	-0.759
13.019	-5.000	-0.810
13.054	-5.000	-0.854
13.089	-5.000	-0.892
13.124	-5.000	-0.928
13.160	-5.000	-0.958
13.195	-5.000	-0.979
13.230	-5.000	-1.003
13.267	-5.000	-1.020
13.303	-5.000	-1.034
13.338	-5.000	-1.052
13.373	-5.000	-1.062
13.408	-5.000	-1.072
13.443	-5.000	-1.081
13.478	-5.000	-1.088
13.513	-5.000	-1.091
13.548	-5.000	-1.099
13.583	-5.000	-1.105
13.618	-5.000	-1.106
13.653	-5.000	-1.109
13.688	-5.000	-1.113
13.723	-5.000	-1.116
13.758	-5.000	-1.119
13.793	-5.000	-1.120
13.828	-5.000	-1.124
13.863	-5.000	-1.126
13.898	-5.000	-1.126
13.933	-5.000	-1.126
13.968	-5.000	-1.128
14.003	-5.000	-1.129
14.038	-5.000	-1.130
14.073	-5.000	-1.127
14.108	-5.000	-1.130
14.145	-5.000	-1.131
14.180	-5.000	-1.128
14.215	-5.000	-1.132
14.250	-5.000	-1.129
14.285	-5.000	-1.130
14.321	-5.000	-1.133
14.356	-5.000	-1.130
14.391	-5.000	-1.130
14.426	-5.000	-1.132
14.461	-5.000	-1.131
14.497	-5.000	-1.131
14.533	-5.000	-1.130
14.568	-5.000	-1.131
14.603	-5.000	-1.131
14.638	-5.000	-1.132
14.674	-5.000	-1.133
14.709	-5.000	-1.133
14.744	-5.000	-1.133
14.779	-5.000	-1.134
14.814	-5.000	-1.132
14.849	-5.000	-1.132
14.884	-5.000	-1.132
14.919	-5.000	-1.133
14.954	-5.000	-1.131
14.989	-5.000	-1.131
15.024	-5.000	-1.131
15.060	-5.000	-1.131
15.095	-5.000	-1.134
15.130	-5.000	-1.130
15.166	-5.000	-1.131
15.201	-5.000	-1.130
15.236	-5.000	-1.130
15.271	-5.000	-1.132
15.307	-5.000	-1.132
15.342	-5.000	-1.135
15.377	-5.000	-1.132
15.412	-5.000	-1.134
15.449	-5.000	-1.134
15.484	-5.000	-1.129
15.519	-5.000	-1.131
15.554	-5.000	-1.131
15.589	-5.000	-1.132
15.624	-5.000	-1.131
15.659	-5.000	-1.131
15.694	-5.000	-1.133
15.730	-5.000	-1.133
15.766	-5.000	-1.131
15.802	-5.000	-1.132
15.837	-5.000	-1.131
15.872	-5.000	-1.134
15.907	-5.000	-1.133
15.942	-5.000	-1.135
15.977	-5.000	-1.135
16.012	-5.000	-1.131
16.047	-5.000	-1.132
16.082	-5.000	-1.136
16.118	-5.000	-1.132
16.153	-5.000	-1.131
16.188	-5.000	-1.132
16.223	-5.000	-1.131
16.259	-5.000	-1.131
16.294	-5.000	-1.132
16.329	-5.000	-1.132
16.364	-5.000	-1.132
16.400	-5.000	-1.132
16.436	-5.000	-1.131
16.471	-5.000	-1.136
16.506	-5.000	-1.133
16.541	-5.000	-1.130
16.576	-5.000	-1.130
16.612	-5.000	-1.130
16.647	-5.000	-1.131
16.682	-5.000	-1.131
16.717	-5.000	-1.133
16.752	-5.000	-1.131
16.787	-5.000	-1.131
16.822	-5.000	-1.131
16.857	-5.000	-1.134
16.893	-5.000	-1.131
16.928	-5.000	-1.134
16.963	-5.000	-1.134
16.998	-5.000	-1.134
17.033	-5.000	-1.133
17.068	-5.000	-1.131
17.103	-5.000	-1.134
17.138	-5.000	-1.131
17.173	-5.000	-1.131
17.208	-5.000	-1.136
17.245	-5.000	-1.133
17.281	-5.000	-1.131
17.316	-5.000	-1.132
17.351	-5.000	-1.131
17.386	-5.000	-1.132
17.422	-5.000	-1.130
17.457	-5.000	-1.134
17.492	-5.000	-1.132
17.527	-5.000	-1.133
17.562	-5.000	-1.131
17.598	-5.000	-1.134
17.633	-5.000	-1.131
17.668	-5.000	-1.132
17.704	-5.000	-1.132
17.739	-5.000	-1.135
17.774	-5.000	-1.130
17.809	-5.000	-1.132
17.845	-5.000	-1.131
17.880	-5.000	-1.133
17.915	-5.000	-1.130
17.950	-5.000	-1.130
17.985	-5.000	-1.134
18.020	-5.000	-1.129
18.056	-5.000	-1.132
18.091	-5.000	-1.134
18.127	-5.000	-1.130
18.162	-5.000	-1.129
18.197	-5.000	-1.129
18.233	-5.000	-1.130
18.268	-5.000	-1.134
18.303	-5.000	-1.129
18.338	-5.000	-1.130
18.373	-5.000	-1.129
18.408	-5.000	-1.131
18.443	-5.000	-1.131
18.479	-5.000	-1.130
18.515	-5.000	-1.135
18.550	-5.000	-1.131
18.585	-5.000	-1.132
18.620	-5.000	-1.134
18.655	-5.000	-1.134
18.691	-5.000	-1.130
18.727	-5.000	-1.131
18.762	-5.000	-1.133
18.797	-5.000	-1.134
18.833	-5.000	-1.131
18.869	-5.000	-1.135
18.904	-5.000	-1.131
18.939	-5.000	-1.132
18.975	-5.000	-1.132
19.011	-5.000	-1.131
19.046	-5.000	-1.132
19.081	-5.000	-1.132
19.116	-5.000	-1.134
19.151	-5.000	-1.133
19.186	-5.000	-1.133
19.221	-5.000	-1.134
19.256	-5.000	-1.135
19.291	-5.000	-1.137
19.326	-5.000	-1.131
19.362	-5.000	-1.137
19.397	-5.000	-1.146
19.432	-5.000	-1.159
19.467	-5.000	-1.167
19.502	-5.000	-1.178
19.537	-5.000	-1.187
19.573	-5.000	-1.194
19.608	-5.000	-1.200
19.644	-5.000	-1.205
19.679	-5.000	-1.209
19.714	-5.000	-1.212
19.749	-5.000	-1.216
19.785	-5.000	-1.216
19.820	-5.000	-1.220
19.855	-5.000	-1.220
19.890	-5.000	-1.220
19.926	-5.000	-1.226
19.961	-5.000	-1.228
19.996	-5.000	-1.225
20.031	-5.000	-1.225
20.066	-5.000	-1.230
20.101	-5.000	-1.229
20.136	-5.000	-1.230
20.171	-5.000	-1.228
20.206	-5.000	-1.230
20.242	-5.000	-1.233
20.277	-5.000	-1.229
20.312	-5.000	-1.231
20.347	-5.000	-1.232
20.382	-5.000	-1.231
20.417	-5.000	-1.236
20.452	-5.000	-1.232
20.487	-5.000	-1.234
20.523	-5.000	-1.233
20.558	-5.000	-1.233
20.593	-5.000	-1.234
20.628	-5.000	-1.234
20.663	-5.000	-1.235
20.698	-5.000	-1.236
20.733	-5.000	-1.233
20.768	-5.000	-1.237
20.803	-5.000	-1.237
20.839	-5.000	-1.237
20.875	-5.000	-1.233
20.910	-5.000	-1.237
20.945	-5.000	-1.235
20.980	-5.000	-1.236
21.015	-5.000	-1.233
21.050	-5.000	-1.233
21.085	-5.000	-1.236
21.120	-5.000	-1.232
21.156	-5.000	-1.236
21.191	-5.000	-1.232
21.226	-5.000	-1.232
21.261	-5.000	-1.232
21.297	-5.000	-1.235
21.332	-5.000	-1.232
21.367	-5.000	-1.233
21.402	-5.000	-1.232
21.437	-5.000	-1.234
21.474	-5.000	-1.232
21.509	-5.000	-1.231
21.545	-5.000	-1.234
21.580	-5.000	-1.236
21.615	-5.000	-1.231
21.650	-5.000	-1.231
21.685	-5.000	-1.231
21.720	-5.000	-1.232
21.755	-5.000	-1.233
21.790	-5.000	-1.234
21.825	-5.000	-1.233
21.860	-5.000	-1.232
21.895	-5.000	-1.233
21.930	-5.000	-1.232
21.966	-5.000	-1.233
22.001	-5.000	-1.233
22.037	-5.000	-1.234
22.072	-5.000	-1.237
22.107	-5.000	-1.235
22.142	-5.000	-1.237
22.177	-5.000	-1.233
22.212	-5.000	-1.233
22.247	-5.000	-1.233
22.282	-5.000	-1.234
22.317	-5.000	-1.237
22.352	-5.000	-1.237
22.387	-5.000	-1.236
22.422	-5.000	-1.233
22.457	-5.000	-1.234
22.493	-5.000	-1.234
22.528	-5.000	-1.234
22.564	-5.000	-1.237
22.599	-5.000	-1.237
22.634	-5.000	-1.237
22.669	-5.000	-1.233
22.704	-5.000	-1.234
22.739	-5.000	-1.234
22.774	-5.000	-1.233
22.809	-5.000	-1.232
22.844	-5.000	-1.234
22.879	-5.000	-1.232
22.914	-5.000	-1.234
22.949	-5.000	-1.234
22.984	-5.000	-1.234
23.019	-5.000	-1.234
23.054	-5.000	-1.232
23.089	-5.000	-1.233
23.124	-5.000	-1.234
23.159	-5.000	-1.234
23.194	-5.000	-1.231
23.229	-5.000	-1.231
23.264	-5.000	-1.235
23.299	-5.000	-1.235
23.334	-5.000	-1.232
23.369	-5.000	-1.231
23.404	-5.000	-1.232
23.439	-5.000	-1.232
23.474	-5.000	-1.234
23.510	-5.000	-1.233
23.545	-5.000	-1.237
23.580	-5.000	-1.232
23.616	-5.000	-1.233
23.651	-5.000	-1.232
23.686	-5.000	-1.235
23.721	-5.000	-1.233
23.756	-5.000	-1.234
23.791	-5.000	-1.236
23.826	-5.000	-1.235
23.861	-5.000	-1.234
23.897	-5.000	-1.234
23.933	-5.000	-1.234
23.969	-5.000	-1.234
24.004	-5.000	-1.234
24.040	-5.000	-1.235
24.075	-5.000	-1.234
24.110	-5.000	-1.234
24.146	-5.000	-1.235
24.182	-5.000	-1.234
24.217	-5.000	-1.239
24.252	-5.000	-1.234
24.287	-5.000	-1.235
24.322	-5.000	-1.237
24.357	-5.000	-1.237
24.393	-5.000	-1.232
24.428	-5.000	-1.232
24.463	-5.000	-1.233
24.499	-5.000	-1.233
24.535	-5.000	-1.232
24.570	-5.000	-1.235
24.606	-5.000	-1.232
24.641	-5.000	-1.234
24.676	-5.000	-1.234
24.711	-5.000	-1.230
24.746	-5.000	-1.231
24.781	-5.000	-1.231
24.817	-5.000	-1.231
