0.000	0.000	0.000
0.035	0.000	0.000
0.070	0.000	0.000
0.105	0.000	0.000
0.140	0.000	0.000
0.175	0.000	0.000
0.210	0.000	0.000
0.245	0.000	0.000
0.280	0.000	0.000
0.315	0.000	0.000
0.350	0.000	0.000
0.386	0.000	0.000
0.421	0.000	0.000
0.456	0.000	0.000
0.491	0.000	0.000
0.526	0.000	0.000
0.562	0.000	0.000
0.597	0.000	0.000
0.632	0.000	0.000
0.668	0.000	0.000
0.703	0.000	0.000
0.738	0.000	0.000
0.774	0.000	0.000
0.809	0.000	0.000
0.845	0.000	0.000
0.880	0.000	0.000
0.915	0.000	0.000
0.950	0.000	0.000
0.985	0.000	0.000
1.020	0.000	0.000
1.056	0.000	0.000
1.091	0.000	0.000
1.126	0.000	0.000
1.161	0.000	0.000
1.196	0.000	0.000
1.231	0.000	0.000
1.266	0.000	0.000
1.301	0.000	0.000
1.336	0.000	0.000
1.371	0.000	0.000
1.406	0.000	0.000
1.441	0.000	0.000
1.476	0.000	0.000
1.511	0.000	0.000
1.546	0.000	0.000
1.581	0.000	0.000
1.617	0.000	0.000
1.652	0.000	0.000
1.687	0.000	0.000
1.724	0.000	0.000
1.759	0.000	0.000
1.794	0.000	0.000
1.829	0.000	0.000
1.864	0.000	0.000
1.899	0.000	0.000
1.934	0.000	0.000
1.969	0.000	0.000
2.004	0.000	0.000
2.039	0.000	0.000
2.075	0.000	0.000
2.110	0.000	0.000
2.145	0.000	0.000
2.181	0.000	0.000
2.216	0.000	0.000
2.251	0.000	0.000
2.286	0.000	0.000
2.322	0.000	0.000
2.357	0.000	0.000
2.392	0.000	0.000
2.428	0.000	0.000
2.464	0.000	0.000
2.499	0.000	0.000
2.534	0.000	0.000
2.569	0.000	0.000
2.604	0.000	0.000
2.639	0.000	0.000
2.674	0.000	0.000
2.709	0.000	0.000
2.744	0.000	0.000
2.780	0.000	0.000
2.816	0.000	0.000
2.852	0.000	0.000
2.887	0.000	0.000
2.922	0.000	0.000
2.958	0.000	0.000
2.993	0.000	0.000
3.028	0.000	0.000
3.063	0.000	0.000
3.098	0.000	0.000
3.133	0.000	0.000
3.168	0.000	0.000
3.203	0.000	0.000
3.238	0.000	0.000
3.273	0.000	0.000
3.308	0.000	0.000
3.343	0.000	0.000
3.378	0.000	0.000
3.414	0.000	0.000
3.449	0.000	0.000
3.484	0.000	0.000
3.520	0.000	0.000
3.555	0.000	0.000
3.591	0.000	0.000
3.626	0.000	0.000
3.661	0.000	0.000
3.696	0.000	0.000
3.732	0.000	0.000
3.768	0.000	0.000
3.803	0.000	0.000
3.838	0.000	0.000
3.873	0.000	0.000
3.909	0.000	0.000
3.944	0.000	0.000
3.979	0.000	0.000
4.014	0.000	0.000
4.049	0.000	0.000
4.084	0.000	0.000
4.119	0.000	0.000
4.154	0.000	0.000
4.189	0.000	0.000
4.224	0.000	0.000
4.259	0.000	0.000
4.295	0.000	0.000
4.330	0.000	0.000
4.366	0.000	0.000
4.401	0.000	0.000
4.436	0.000	0.000
4.471	0.000	0.000
4.506	0.000	0.000
4.541	0.000	0.000
4.576	0.000	0.000
4.611	0.000	0.000
4.646	0.000	0.000
4.681	0.000	0.000
4.716	0.000	0.000
4.751	0.000	0.000
4.787	0.000	0.000
4.822	0.000	0.000
4.858	0.000	0.000
4.893	0.000	0.000
4.928	0.000	0.000
4.964	0.000	0.000
4.999	0.000	0.000
5.034	0.000	0.000
5.069	0.000	0.000
5.104	0.000	0.000
5.140	0.000	0.000
5.176	0.000	0.000
5.211	0.000	0.000
5.246	0.000	0.000
5.281	0.000	0.000
5.317	0.000	0.000
5.353	0.000	0.000
5.388	0.000	0.000
5.423	0.000	0.000
5.458	0.000	0.000
5.493	0.000	0.000
5.528	0.000	0.000
5.563	0.000	0.000
5.598	0.000	0.000
5.634	0.000	0.000
5.669	0.000	0.000
5.705	0.000	0.000
5.741	0.000	0.000
5.776	0.000	0.000
5.811	0.000	0.000
5.846	0.000	0.000
5.881	0.000	0.000
5.916	0.000	0.000
5.951	0.000	0.000
5.986	0.000	0.000
6.021	0.000	0.000
6.056	0.000	0.000
6.091	0.000	0.000
6.126	0.000	0.000
6.161	0.000	0.000
6.196	0.000	0.000
6.231	0.000	0.000
6.267	0.000	0.000
6.302	0.000	0.000
6.337	0.000	0.000
6.372	0.000	0.000
6.407	0.000	0.000
6.444	0.000	0.000
6.479	0.000	0.000
6.515	0.000	0.000
6.550	0.000	0.000
6.585	0.000	0.000
6.620	0.000	0.000
6.655	0.000	0.000
6.690	0.000	0.000
6.725	0.000	0.000
6.760	0.000	0.000
6.795	0.000	0.000
6.830	0.000	0.000
6.865	0.000	0.000
6.900	0.000	0.000
6.936	0.000	0.000
6.971	0.000	0.000
7.006	0.000	0.000
7.041	0.000	0.000
7.076	0.000	0.000
7.111	0.000	0.000
7.146	0.000	0.000
7.181	0.000	0.000
7.216	0.000	0.000
7.251	0.000	0.000
7.286	0.000	0.000
7.321	0.000	0.000
7.356	0.000	0.000
7.391	0.000	0.000
7.426	0.000	0.000
7.461	2.000	0.000
7.496	2.000	0.000
7.531	2.000	0.044
7.566	2.000	0.149
7.601	2.000	0.253
7.637	2.000	0.344
7.672	2.000	0.420
7.707	2.000	0.489
7.743	2.000	0.549
7.778	2.000	0.599
7.813	2.000	0.638
7.848	2.000	0.676
7.883	2.000	0.710
7.918	2.000	0.737
7.953	2.000	0.760
7.989	2.000	0.780
8.024	2.000	0.794
8.059	2.000	0.812
8.095	2.000	0.822
8.130	2.000	0.836
8.165	2.000	0.845
8.200	2.000	0.852
8.235	2.000	0.857
8.270	2.000	0.862
8.306	2.000	0.871
8.342	2.000	0.872
8.377	2.000	0.878
8.412	2.000	0.878
8.447	2.000	0.881
8.482	2.000	0.885
8.517	2.000	0.887
8.552	2.000	0.890
8.587	2.000	0.891
8.622	2.000	0.893
8.657	2.000	0.892
8.693	2.000	0.894
8.728	2.000	0.893
8.763	2.000	0.897
8.798	2.000	0.895
8.833	2.000	0.899
8.869	2.000	0.898
8.904	2.000	0.896
8.939	2.000	0.899
8.975	2.000	0.900
9.010	2.000	0.901
9.045	2.000	0.900
9.080	2.000	0.902
9.115	2.000	0.900
9.150	2.000	0.902
9.185	2.000	0.898
9.220	2.000	0.901
9.255	2.000	0.903
9.290	2.000	0.903
9.325	2.000	0.899
9.360	2.000	0.902
9.396	2.000	0.902
9.431	2.000	0.898
9.466	2.000	0.902
9.501	2.000	0.900
9.537	2.000	0.900
9.572	2.000	0.898
9.608	2.000	0.901
9.643	2.000	0.898
9.678	2.000	0.899
9.713	2.000	0.900
9.748	2.000	0.900
9.783	2.000	0.901
9.819	2.000	0.899
9.854	2.000	0.897
9.889	2.000	0.897
9.924	2.000	0.897
9.959	2.000	0.900
9.994	2.000	0.901
10.029	2.000	0.898
10.064	2.000	0.901
10.099	2.000	0.900
10.134	2.000	0.900
10.171	2.000	0.900
10.207	2.000	0.898
10.242	2.000	0.901
10.277	2.000	0.899
10.312	2.000	0.899
10.347	2.000	0.900
10.382	2.000	0.900
10.417	2.000	0.900
10.452	2.000	0.897
10.487	2.000	0.900
10.523	2.000	0.901
10.558	2.000	0.901
10.594	2.000	0.898
10.629	2.000	0.900
10.664	2.000	0.901
10.699	2.000	0.901
10.735	2.000	0.902
10.770	2.000	0.899
10.805	2.000	0.900
10.840	2.000	0.901
10.875	2.000	0.899
10.910	2.000	0.899
10.945	2.000	0.901
10.981	2.000	0.900
11.016	2.000	0.898
11.052	2.000	0.897
11.087	2.000	0.899
11.122	2.000	0.899
11.158	2.000	0.896
11.193	2.000	0.896
11.229	2.000	0.898
11.264	2.000	0.901
11.299	2.000	0.899
11.335	2.000	0.898
11.371	2.000	0.899
11.406	2.000	0.899
11.441	2.000	0.899
11.476	2.000	0.898
11.511	2.000	0.898
11.546	2.000	0.896
