0.000	0.000	0.000
0.035	0.000	0.000
0.070	0.000	0.000
0.105	0.000	0.000
0.140	0.000	0.000
0.175	0.000	0.000
0.211	0.000	0.000
0.246	0.000	0.000
0.281	0.000	0.000
0.316	0.000	0.000
0.351	0.000	0.000
0.386	0.000	0.000
0.421	0.000	0.000
0.456	0.000	0.000
0.491	0.000	0.000
0.526	0.000	0.000
0.561	0.000	0.000
0.596	0.000	0.000
0.631	0.000	0.000
0.666	0.000	0.000
0.701	0.000	0.000
0.737	0.000	0.000
0.772	0.000	0.000
0.807	0.000	0.000
0.842	0.000	0.000
0.877	0.000	0.000
0.912	0.000	0.000
0.947	0.000	0.000
0.983	0.000	0.000
1.018	0.000	0.000
1.053	0.000	0.000
1.088	0.000	0.000
1.124	0.000	0.000
1.159	0.000	0.000
1.195	0.000	0.000
1.230	0.000	0.000
1.265	0.000	0.000
1.301	0.000	0.000
1.336	0.000	0.000
1.373	0.000	0.000
1.408	0.000	0.000
1.443	0.000	0.000
1.478	0.000	0.000
1.514	0.000	0.000
1.549	0.000	0.000
1.584	0.000	0.000
1.619	0.000	0.000
1.654	0.000	0.000
1.690	0.000	0.000
1.725	0.000	0.000
1.760	0.000	0.000
1.795	0.000	0.000
1.830	0.000	0.000
1.865	0.000	0.000
1.900	0.000	0.000
1.935	0.000	0.000
1.970	0.000	0.000
2.005	0.000	0.000
2.040	0.000	0.000
2.076	0.000	0.000
2.112	0.000	0.000
2.147	0.000	0.000
2.182	0.000	0.000
2.217	0.000	0.000
2.252	0.000	0.000
2.287	0.000	0.000
2.322	0.000	0.000
2.357	0.000	0.000
2.392	0.000	0.000
2.427	0.000	0.000
2.462	0.000	0.000
2.498	0.000	0.000
2.534	0.000	0.000
2.569	0.000	0.000
2.604	0.000	0.000
2.640	0.000	0.000
2.675	0.000	0.000
2.710	0.000	0.000
2.745	0.000	0.000
2.780	0.000	0.000
2.815	0.000	0.000
2.851	0.000	0.000
2.886	0.000	0.000
2.921	0.000	0.000
2.956	0.000	0.000
2.991	0.000	0.000
3.026	0.000	0.000
3.061	0.000	0.000
3.096	0.000	0.000
3.132	0.000	0.000
3.167	0.000	0.000
3.202	0.000	0.000
3.238	0.000	0.000
3.274	0.000	0.000
3.310	0.000	0.000
3.345	0.000	0.000
3.381	0.000	0.000
3.416	0.000	0.000
3.451	0.000	0.000
3.486	0.000	0.000
3.521	0.000	0.000
3.556	0.000	0.000
3.591	0.000	0.000
3.626	0.000	0.000
3.662	0.000	0.000
3.697	0.000	0.000
3.733	0.000	0.000
3.768	0.000	0.000
3.803	0.000	0.000
3.839	0.000	0.000
3.875	0.000	0.000
3.910	0.000	0.000
3.945	0.000	0.000
3.980	0.000	0.000
4.015	0.000	0.000
4.050	0.000	0.000
4.085	0.000	0.000
4.120	0.000	0.000
4.155	0.000	0.000
4.190	0.000	0.000
4.225	0.000	0.000
4.260	0.000	0.000
4.295	0.000	0.000
4.330	0.000	0.000
4.365	0.000	0.000
4.400	0.000	0.000
4.435	0.000	0.000
4.471	0.000	0.000
4.506	0.000	0.000
4.542	0.000	0.000
4.577	0.000	0.000
4.613	0.000	0.000
4.648	0.000	0.000
4.683	0.000	0.000
4.718	0.000	0.000
4.753	0.000	0.000
4.788	0.000	0.000
4.823	0.000	0.000
4.858	0.000	0.000
4.893	0.000	0.000
4.928	0.000	0.000
4.963	0.000	0.000
4.998	0.000	0.000
5.033	0.000	0.000
5.068	0.000	0.000
5.104	0.000	0.000
5.139	0.000	0.000
5.176	0.000	0.000
5.211	0.000	0.000
5.246	0.000	0.000
5.281	0.000	0.000
5.316	0.000	0.000
5.351	0.000	0.000
5.386	0.000	0.000
5.421	0.000	0.000
5.457	0.000	0.000
5.492	0.000	0.000
5.527	0.000	0.000
5.562	0.000	0.000
5.597	0.000	0.000
5.633	0.000	0.000
5.669	0.000	0.000
5.704	0.000	0.000
5.739	0.000	0.000
5.774	0.000	0.000
5.809	0.000	0.000
5.844	0.000	0.000
5.879	0.000	0.000
5.914	0.000	0.000
5.949	0.000	0.000
5.984	0.000	0.000
6.020	0.000	0.000
6.056	0.000	0.000
6.091	0.000	0.000
6.126	0.000	0.000
6.161	0.000	0.000
6.197	0.000	0.000
6.232	0.000	0.000
6.267	0.000	0.000
6.302	0.000	0.000
6.337	0.000	0.000
6.372	0.000	0.000
6.408	0.000	0.000
6.443	0.000	0.000
6.478	-2.000	0.000
6.513	-2.000	0.000
6.548	-2.000	-0.058
6.583	-2.000	-0.165
6.618	-2.000	-0.266
6.654	-2.000	-0.355
6.689	-2.000	-0.430
6.724	-2.000	-0.496
6.759	-2.000	-0.552
6.795	-2.000	-0.602
6.830	-2.000	-0.641
6.866	-2.000	-0.677
6.901	-2.000	-0.711
6.936	-2.000	-0.736
6.971	-2.000	-0.759
7.006	-2.000	-0.779
7.041	-2.000	-0.797
7.077	-2.000	-0.811
7.112	-2.000	-0.823
7.147	-2.000	-0.834
7.183	-2.000	-0.843
7.218	-2.000	-0.852
7.253	-2.000	-0.858
7.288	-2.000	-0.865
7.324	-2.000	-0.870
7.359	-2.000	-0.874
7.395	-2.000	-0.876
7.430	-2.000	-0.878
7.465	-2.000	-0.882
7.500	-2.000	-0.886
7.535	-2.000	-0.887
7.570	-2.000	-0.888
7.605	-2.000	-0.891
7.640	-2.000	-0.893
7.675	-2.000	-0.894
7.712	-2.000	-0.895
7.747	-2.000	-0.892
7.782	-2.000	-0.895
7.818	-2.000	-0.897
7.853	-2.000	-0.895
7.888	-2.000	-0.898
7.924	-2.000	-0.898
7.959	-2.000	-0.898
7.994	-2.000	-0.896
8.029	-2.000	-0.897
8.064	-2.000	-0.899
8.099	-2.000	-0.898
8.134	-2.000	-0.900
8.169	-2.000	-0.900
8.204	-2.000	-0.897
8.239	-2.000	-0.900
8.275	-2.000	-0.897
8.310	-2.000	-0.900
8.345	-2.000	-0.897
8.380	-2.000	-0.898
8.415	-2.000	-0.899
8.451	-2.000	-0.899
8.486	-2.000	-0.900
8.521	-2.000	-0.900
8.557	-2.000	-0.899
8.592	-2.000	-0.897
8.627	-2.000	-0.900
8.662	-2.000	-0.897
8.698	-2.000	-0.898
8.733	-2.000	-0.897
8.768	-2.000	-0.900
8.803	-2.000	-0.899
8.838	-2.000	-0.900
8.873	-2.000	-0.900
8.908	-2.000	-0.900
8.943	-2.000	-0.897
8.978	-2.000	-0.900
9.013	-2.000	-0.900
9.048	-2.000	-0.900
9.083	-2.000	-0.900
9.119	-2.000	-0.900
9.154	-2.000	-0.898
9.189	-2.000	-0.899
9.224	-2.000	-0.901
9.259	-2.000	-0.901
9.294	-2.000	-0.901
9.330	-2.000	-0.901
9.366	-2.000	-0.902
9.401	-2.000	-0.899
9.437	-2.000	-0.901
9.472	-2.000	-0.899
9.508	-2.000	-0.902
9.543	-2.000	-0.899
9.578	-2.000	-0.900
9.613	-2.000	-0.903
9.648	-2.000	-0.902
9.684	-2.000	-0.900
9.719	-2.000	-0.902
9.754	-2.000	-0.900
9.789	-2.000	-0.901
9.824	-2.000	-0.900
9.859	-2.000	-0.900
9.894	-2.000	-0.901
9.929	-2.000	-0.900
9.965	-2.000	-0.900
10.002	-2.000	-0.900
10.037	-2.000	-0.898
10.072	-2.000	-0.898
10.107	-2.000	-0.900
10.142	-2.000	-0.900
10.177	-2.000	-0.901
10.212	-2.000	-0.900
10.247	-2.000	-0.899
10.282	-2.000	-0.898
10.317	-2.000	-0.898
10.352	-2.000	-0.899
10.387	-2.000	-0.900
10.423	-2.000	-0.899
10.459	-2.000	-0.900
10.494	-2.000	-0.901
10.529	-2.000	-0.901
10.564	-2.000	-0.898
10.599	-2.000	-0.899
10.634	-2.000	-0.900
10.669	-2.000	-0.899
10.705	-2.000	-0.898
10.740	-2.000	-0.898
10.775	-2.000	-0.899
10.810	-2.000	-0.900
10.845	-2.000	-0.901
10.880	-2.000	-0.902
10.915	-2.000	-0.903
10.950	-2.000	-0.902
10.986	-2.000	-0.900
11.021	-2.000	-0.902
11.058	-2.000	-0.900
11.093	-2.000	-0.899
11.129	-2.000	-0.902
11.164	-2.000	-0.902
11.200	-2.000	-0.902
11.235	-2.000	-0.899
11.270	-2.000	-0.901
11.305	-2.000	-0.902
11.340	-2.000	-0.901
11.375	-2.000	-0.900
11.410	-2.000	-0.901
11.445	-2.000	-0.901
11.480	-2.000	-0.901
11.515	-2.000	-0.898
11.550	-2.000	-0.899
11.586	-2.000	-0.901
11.622	-2.000	-0.898
11.657	-2.000	-0.901
11.692	-2.000	-0.900
11.727	-2.000	-0.900
11.763	-2.000	-0.899
11.798	-2.000	-0.900
11.833	-2.000	-0.899
11.868	-2.000	-0.901
11.903	-2.000	-0.900
11.939	-2.000	-0.900
11.974	-2.000	-0.897
12.009	-2.000	-0.898
12.044	-2.000	-0.897
12.079	-2.000	-0.898
12.114	-2.000	-0.899
12.149	-2.000	-0.900
12.185	-2.000	-0.898
12.221	-2.000	-0.900
12.256	-2.000	-0.898
12.291	-2.000	-0.900
12.326	-2.000	-0.899
12.361	-2.000	-0.898
12.396	-2.000	-0.899
12.431	-2.000	-0.899
12.466	-2.000	-0.900
12.501	-2.000	-0.901
12.536	-2.000	-0.899
12.571	-2.000	-0.900
12.606	-2.000	-0.900
12.641	-2.000	-0.899
12.676	-2.000	-0.900
12.711	-2.000	-0.901
12.746	-2.000	-0.901
12.781	-2.000	-0.899
12.816	-2.000	-0.899
12.851	-2.000	-0.902
12.886	-2.000	-0.901
12.921	-2.000	-0.901
12.956	-2.000	-0.899
12.991	-2.000	-0.900
13.027	-2.000	-0.901
13.063	-2.000	-0.902
13.099	-2.000	-0.900
13.134	-2.000	-0.899
13.169	-2.000	-0.902
13.204	-2.000	-0.901
13.239	-2.000	-0.901
13.274	-2.000	-0.900
13.309	-2.000	-0.901
13.344	-2.000	-0.900
13.379	-2.000	-0.901
13.414	-2.000	-0.901
13.449	-2.000	-0.900
13.484	-2.000	-0.902
13.520	-2.000	-0.900
13.555	-2.000	-0.902
13.590	-2.000	-0.898
13.625	-2.000	-0.899
13.660	-2.000	-0.901
13.695	-2.000	-0.900
13.730	-2.000	-0.899
13.765	-2.000	-0.901
13.800	-2.000	-0.901
13.836	-2.000	-0.898
13.871	-2.000	-0.898
13.906	-2.000	-0.899
13.941	-2.000	-0.899
13.976	-2.000	-0.901
14.012	-2.000	-0.901
14.047	-2.000	-0.902
14.082	-2.000	-0.901
14.117	-2.000	-0.900
14.152	-2.000	-0.900
14.187	-2.000	-0.900
14.222	-2.000	-0.900
14.257	-2.000	-0.899
14.292	-2.000	-0.897
14.327	-2.000	-0.900
