0.000	0.000	0.000
0.035	0.000	0.000
0.070	0.000	0.000
0.105	0.000	0.000
0.140	0.000	0.000
0.175	0.000	0.000
0.210	0.000	0.000
0.245	0.000	0.000
0.280	0.000	0.000
0.315	0.000	0.000
0.351	0.000	0.000
0.386	0.000	0.000
0.421	0.000	0.000
0.456	0.000	0.000
0.491	0.000	0.000
0.526	0.000	0.000
0.561	0.000	0.000
0.596	0.000	0.000
0.631	0.000	0.000
0.666	0.000	0.000
0.702	0.000	0.000
0.737	0.000	0.000
0.772	0.000	0.000
0.807	0.000	0.000
0.842	0.000	0.000
0.877	0.000	0.000
0.912	0.000	0.000
0.947	0.000	0.000
0.982	0.000	0.000
1.017	0.000	0.000
1.052	0.000	0.000
1.088	0.000	0.000
1.123	0.000	0.000
1.158	0.000	0.000
1.193	0.000	0.000
1.228	0.000	0.000
1.263	0.000	0.000
1.298	0.000	0.000
1.333	0.000	0.000
1.368	0.000	0.000
1.403	0.000	0.000
1.438	0.000	0.000
1.474	0.000	0.000
1.509	0.000	0.000
1.544	0.000	0.000
1.579	0.000	0.000
1.614	0.000	0.000
1.649	0.000	0.000
1.684	0.000	0.000
1.719	0.000	0.000
1.754	0.000	0.000
1.789	0.000	0.000
1.825	0.000	0.000
1.860	0.000	0.000
1.895	0.000	0.000
1.930	0.000	0.000
1.965	0.000	0.000
2.000	0.000	0.000
2.035	0.000	0.000
2.070	0.000	0.000
2.105	0.000	0.000
2.140	0.000	0.000
2.175	0.000	0.000
2.211	0.000	0.000
2.246	0.000	0.000
2.281	0.000	0.000
2.316	0.000	0.000
2.351	0.000	0.000
2.386	0.000	0.000
2.421	0.000	0.000
2.456	0.000	0.000
2.491	0.000	0.000
2.526	0.000	0.000
2.561	0.000	0.000
2.596	0.000	0.000
2.631	0.000	0.000
2.666	0.000	0.000
2.702	0.000	0.000
2.737	0.000	0.000
2.772	0.000	0.000
2.807	0.000	0.000
2.842	0.000	0.000
2.877	0.000	0.000
2.912	0.000	0.000
2.947	0.000	0.000
2.982	0.000	0.000
3.017	0.000	0.000
3.052	0.000	0.000
3.088	0.000	0.000
3.123	0.000	0.000
3.158	0.000	0.000
3.193	0.000	0.000
3.228	0.000	0.000
3.269	0.000	0.000
3.306	0.000	0.000
3.341	0.000	0.000
3.377	0.000	0.000
3.449	0.000	0.000
3.497	0.000	0.000
3.548	0.000	0.000
3.622	0.000	0.000
3.659	0.000	0.000
3.721	0.000	0.000
3.758	0.000	0.000
3.795	0.000	0.000
3.838	0.000	0.000
3.873	0.000	0.000
3.908	0.000	0.000
3.949	0.000	0.000
3.986	0.000	0.000
4.023	0.000	0.000
4.058	0.000	0.000
4.093	0.000	0.000
4.129	0.000	0.000
4.198	0.000	0.000
4.235	0.000	0.000
4.270	0.000	0.000
4.307	0.000	0.000
4.342	0.000	0.000
4.377	0.000	0.000
4.413	0.000	0.000
4.448	0.000	0.000
4.485	0.000	0.000
4.526	0.000	0.000
4.568	0.000	0.000
4.611	0.000	0.000
4.647	0.000	0.000
4.682	0.000	0.000
4.717	0.000	0.000
4.752	0.000	0.000
4.787	0.000	0.000
4.822	0.000	0.000
4.857	0.000	0.000
4.892	0.000	0.000
4.927	0.000	0.000
4.963	0.000	0.000
4.998	0.000	0.000
5.033	0.000	0.000
5.068	0.000	0.000
5.103	0.000	0.000
5.138	0.000	0.000
5.173	0.000	0.000
5.208	0.000	0.000
5.243	0.000	0.000
5.278	0.000	0.000
5.314	0.000	0.000
5.349	0.000	0.000
5.384	0.000	0.000
5.419	0.000	0.000
5.454	0.000	0.000
5.489	0.000	0.000
5.524	0.000	0.000
5.559	0.000	0.000
5.594	0.000	0.000
5.629	0.000	0.000
5.664	0.000	0.000
5.699	0.000	0.000
5.734	0.000	0.000
5.769	0.000	0.000
5.804	0.000	0.000
5.839	0.000	0.000
5.874	0.000	0.000
5.910	0.000	0.000
5.945	0.000	0.000
5.980	0.000	0.000
6.015	0.000	0.000
6.050	0.000	0.000
6.085	0.000	0.000
6.120	0.000	0.000
6.155	0.000	0.000
6.190	0.000	0.000
6.225	0.000	0.000
6.261	0.000	0.000
6.296	0.000	0.000
6.331	0.000	0.000
6.366	0.000	0.000
6.401	0.000	0.000
6.436	0.000	0.000
6.471	0.000	0.000
6.506	0.000	0.000
6.541	0.000	0.000
6.577	0.000	0.000
6.612	0.000	0.000
6.647	0.000	0.000
6.682	0.000	0.000
6.717	0.000	0.000
6.752	0.000	0.000
6.787	0.000	0.000
6.822	0.000	0.000
6.857	0.000	0.000
6.892	0.000	0.000
6.927	0.000	0.000
6.963	0.000	0.000
6.998	0.000	0.000
7.033	0.000	0.000
7.068	0.000	0.000
7.103	0.000	0.000
7.138	0.000	0.000
7.173	0.000	0.000
7.208	0.000	0.000
7.243	0.000	0.000
7.278	0.000	0.000
7.313	0.000	0.000
7.349	0.000	0.000
7.384	0.000	0.000
7.419	0.000	0.000
7.454	0.000	0.000
7.489	0.000	0.000
7.524	0.000	0.000
7.559	0.000	0.000
7.594	0.000	0.000
7.629	0.000	0.000
7.664	0.000	0.000
7.700	0.000	0.000
7.735	0.000	0.000
7.770	0.000	0.000
7.805	0.000	0.000
7.840	0.000	0.000
7.875	0.000	0.000
7.910	0.000	0.000
7.945	0.000	0.000
7.980	0.000	0.000
8.015	0.000	0.000
8.050	0.000	0.000
8.085	0.000	0.000
8.120	0.000	0.000
8.155	0.000	0.000
8.190	0.000	0.000
8.226	0.000	0.000
8.261	0.000	0.000
8.297	0.000	0.000
8.333	0.000	0.000
8.369	0.000	0.000
8.404	0.000	0.000
8.439	0.000	0.000
8.474	0.000	0.000
8.510	0.000	0.000
8.546	0.000	0.000
8.581	0.000	0.000
8.616	0.000	0.000
8.651	0.000	0.000
8.687	0.000	0.000
8.722	0.000	0.000
8.757	0.000	0.000
8.792	0.000	0.000
8.827	0.000	0.000
8.862	0.000	0.000
8.898	0.000	0.000
8.933	0.000	0.000
8.968	0.000	0.000
9.003	0.000	0.000
9.038	0.000	0.000
9.073	0.000	0.000
9.108	0.000	0.000
9.143	0.000	0.000
9.179	0.000	0.000
9.215	0.000	0.000
9.250	0.000	0.000
9.285	0.000	0.000
9.321	0.000	0.000
9.357	0.000	0.000
9.392	0.000	0.000
9.427	0.000	0.000
9.463	0.000	0.000
9.498	0.000	0.000
9.533	0.000	0.000
9.568	0.000	0.000
9.603	0.000	0.000
9.638	0.000	0.000
9.673	0.000	0.000
9.708	0.000	0.000
9.743	0.000	0.000
9.778	0.000	0.000
9.813	0.000	0.000
9.848	0.000	0.000
9.883	0.000	0.000
9.918	0.000	0.000
9.953	0.000	0.000
9.988	0.000	0.000
10.023	0.000	0.000
10.058	0.000	0.000
10.093	0.000	0.000
10.128	0.000	0.000
10.163	0.000	0.000
10.198	0.000	0.000
10.233	0.000	0.000
10.268	0.000	0.000
10.305	0.000	0.000
10.341	0.000	0.000
10.377	0.000	0.000
10.412	0.000	0.000
10.448	0.000	0.000
10.483	0.200	0.000
10.518	0.200	0.000
10.553	0.200	0.001
10.588	0.200	0.004
10.624	0.200	0.007
10.660	0.200	0.009
10.696	0.200	0.011
10.731	0.200	0.013
10.766	0.200	0.015
10.801	0.200	0.016
10.836	0.200	0.017
10.871	0.200	0.018
10.906	0.200	0.019
10.941	0.200	0.019
10.976	0.200	0.020
11.011	0.200	0.021
11.047	0.200	0.021
11.082	0.200	0.021
11.117	0.200	0.021
11.153	0.200	0.022
11.188	0.200	0.022
11.224	0.200	0.022
11.259	0.200	0.023
11.295	0.200	0.023
11.330	0.200	0.023
11.365	0.200	0.023
11.400	0.200	0.024
11.435	0.200	0.024
11.470	0.200	0.024
11.505	0.200	0.025
11.540	0.200	0.024
11.575	0.200	0.024
11.610	0.200	0.024
11.645	0.200	0.024
11.680	0.200	0.024
11.715	0.200	0.024
11.751	0.200	0.024
11.786	0.200	0.023
11.821	0.200	0.023
11.856	0.200	0.023
11.891	0.200	0.023
11.926	0.200	0.023
11.961	0.200	0.023
11.996	0.200	0.023
12.031	0.200	0.023
12.067	0.200	0.023
12.102	0.200	0.023
12.137	0.200	0.023
12.172	0.200	0.023
12.207	0.200	0.023
12.242	0.200	0.023
12.277	0.200	0.023
12.313	0.200	0.023
12.348	0.200	0.023
12.383	0.200	0.023
12.418	0.200	0.023
12.454	0.200	0.023
12.490	0.200	0.022
12.525	0.200	0.022
12.560	0.200	0.022
12.595	0.200	0.022
12.630	0.200	0.022
12.665	0.200	0.022
12.701	0.200	0.022
12.736	0.200	0.022
12.771	0.200	0.022
12.806	0.200	0.022
12.841	0.200	0.022
12.876	0.200	0.022
12.912	0.200	0.022
12.947	0.200	0.022
12.982	0.200	0.022
13.017	0.200	0.022
13.052	0.200	0.023
13.087	0.200	0.023
13.122	0.200	0.023
13.157	0.200	0.023
13.192	0.200	0.022
13.227	0.200	0.022
13.262	0.200	0.022
13.297	0.200	0.022
13.332	0.200	0.022
13.367	0.200	0.022
13.402	0.200	0.022
13.437	0.200	0.022
13.472	0.200	0.022
13.508	0.200	0.022
13.543	0.200	0.022
13.578	0.200	0.022
13.613	0.200	0.023
13.648	0.200	0.022
13.683	0.200	0.022
13.718	0.200	0.022
13.753	0.200	0.022
13.788	0.200	0.022
13.823	0.200	0.022
13.858	0.200	0.022
13.893	0.200	0.023
13.929	0.200	0.023
13.964	0.200	0.023
13.999	0.200	0.023
14.034	0.200	0.023
14.069	0.200	0.023
14.104	0.200	0.022
14.139	0.200	0.022
14.175	0.200	0.022
14.210	0.200	0.022
14.245	0.200	0.022
14.280	0.200	0.023
14.315	0.200	0.023
14.350	0.200	0.023
14.386	0.200	0.023
14.421	0.200	0.023
14.456	0.200	0.023
14.491	0.200	0.023
14.526	0.200	0.023
14.561	0.200	0.022
14.596	0.200	0.022
14.631	0.200	0.022
14.666	0.200	0.023
14.701	0.200	0.023
14.736	0.200	0.023
14.771	0.200	0.023
14.806	0.200	0.024
14.841	0.200	0.023
14.876	0.200	0.023
14.911	0.200	0.023
14.946	0.200	0.023
14.981	0.200	0.022
15.016	0.200	0.022
15.051	0.200	0.022
15.086	0.200	0.022
15.121	0.200	0.022
15.156	0.200	0.022
15.191	0.200	0.023
15.226	0.200	0.023
15.261	0.200	0.023
15.297	0.200	0.023
15.332	0.200	0.023
15.367	0.200	0.022
15.402	0.200	0.022
15.438	0.200	0.022
15.474	0.200	0.022
15.509	0.200	0.022
15.544	0.200	0.023
15.579	0.200	0.023
15.614	0.200	0.023
15.649	0.200	0.023
15.684	0.200	0.023
15.719	0.200	0.023
15.754	0.200	0.023
15.789	0.200	0.023
15.825	0.200	0.023
15.860	0.200	0.023
15.896	0.200	0.023
15.931	0.200	0.022
15.967	0.200	0.022
16.002	0.200	0.022
16.037	0.200	0.022
16.072	0.200	0.022
16.107	0.200	0.022
16.142	0.200	0.022
16.177	0.200	0.022
16.212	0.200	0.022
16.247	0.200	0.023
16.282	0.200	0.023
16.317	0.200	0.023
16.352	0.200	0.023
16.387	0.200	0.023
16.422	0.200	0.024
16.457	0.200	0.024
