0.000	0.000	0.000
0.035	0.000	0.000
0.070	0.000	0.000
0.105	0.000	0.000
0.141	0.000	0.000
0.176	0.000	0.000
0.211	0.000	0.000
0.246	0.000	0.000
0.281	0.000	0.000
0.316	0.000	0.000
0.351	0.000	0.000
0.386	0.000	0.000
0.421	0.000	0.000
0.456	0.000	0.000
0.491	0.000	0.000
0.527	0.000	0.000
0.563	0.000	0.000
0.598	0.000	0.000
0.633	0.000	0.000
0.669	0.000	0.000
0.704	0.000	0.000
0.739	0.000	0.000
0.774	0.000	0.000
0.809	0.000	0.000
0.844	0.000	0.000
0.879	0.000	0.000
0.914	0.000	0.000
0.950	0.000	0.000
0.987	0.000	0.000
1.022	0.000	0.000
1.058	0.000	0.000
1.094	0.000	0.000
1.129	0.000	0.000
1.164	0.000	0.000
1.199	0.000	0.000
1.234	0.000	0.000
1.269	0.000	0.000
1.305	0.000	0.000
1.340	0.000	0.000
1.375	0.000	0.000
1.410	0.000	0.000
1.445	0.000	0.000
1.480	0.000	0.000
1.515	0.000	0.000
1.550	0.000	0.000
1.585	0.000	0.000
1.620	0.000	0.000
1.655	0.000	0.000
1.690	0.000	0.000
1.725	0.000	0.000
1.760	0.000	0.000
1.796	0.000	0.000
1.831	0.000	0.000
1.866	0.000	0.000
1.901	0.000	0.000
1.936	0.000	0.000
1.971	0.000	0.000
2.006	0.000	0.000
2.041	0.000	0.000
2.076	0.000	0.000
2.111	0.000	0.000
2.146	0.000	0.000
2.182	0.000	0.000
2.217	0.000	0.000
2.252	0.000	0.000
2.287	0.000	0.000
2.322	0.000	0.000
2.357	0.000	0.000
2.392	0.000	0.000
2.427	0.000	0.000
2.462	0.000	0.000
2.497	0.000	0.000
2.532	0.000	0.000
2.567	0.000	0.000
2.602	0.000	0.000
2.639	0.000	0.000
2.674	0.000	0.000
2.709	0.000	0.000
2.744	0.000	0.000
2.779	0.000	0.000
2.814	0.000	0.000
2.849	0.000	0.000
2.884	0.000	0.000
2.919	0.000	0.000
2.954	0.000	0.000
2.989	0.000	0.000
3.024	0.000	0.000
3.059	0.000	0.000
3.094	0.000	0.000
3.129	0.000	0.000
3.164	0.000	0.000
3.199	0.000	0.000
3.235	0.000	0.000
3.270	0.000	0.000
3.306	0.000	0.000
3.341	0.000	0.000
3.376	0.000	0.000
3.412	0.000	0.000
3.447	0.000	0.000
3.483	0.000	0.000
3.518	0.000	0.000
3.554	0.000	0.000
3.589	0.000	0.000
3.624	0.000	0.000
3.659	0.000	0.000
3.694	0.000	0.000
3.729	0.000	0.000
3.764	0.000	0.000
3.799	0.000	0.000
3.834	0.000	0.000
3.869	0.000	0.000
3.904	0.000	0.000
3.939	0.000	0.000
3.974	0.000	0.000
4.009	0.000	0.000
4.044	0.000	0.000
4.079	0.000	0.000
4.114	0.000	0.000
4.149	0.000	0.000
4.185	0.000	0.000
4.220	0.000	0.000
4.255	0.000	0.000
4.290	0.000	0.000
4.325	0.000	0.000
4.360	0.000	0.000
4.395	0.000	0.000
4.430	0.000	0.000
4.465	0.000	0.000
4.500	0.000	0.000
4.535	0.000	0.000
4.571	0.000	0.000
4.606	0.000	0.000
4.641	0.000	0.000
4.676	0.000	0.000
4.711	0.000	0.000
4.746	0.000	0.000
4.782	0.000	0.000
4.817	0.000	0.000
4.852	0.000	0.000
4.887	0.000	0.000
4.923	0.000	0.000
4.958	0.000	0.000
4.993	0.000	0.000
5.028	0.000	0.000
5.063	0.000	0.000
5.098	0.000	0.000
5.133	0.000	0.000
5.168	0.000	0.000
5.203	0.000	0.000
5.238	0.000	0.000
5.273	0.000	0.000
5.308	0.000	0.000
5.344	0.000	0.000
5.379	0.000	0.000
5.414	0.000	0.000
5.450	0.000	0.000
5.485	0.000	0.000
5.520	0.000	0.000
5.556	0.000	0.000
5.591	-1.000	0.000
5.626	-1.000	0.000
5.661	-1.000	-0.012
5.696	-1.000	-0.037
5.731	-1.000	-0.061
5.766	-1.000	-0.081
5.801	-1.000	-0.099
5.836	-1.000	-0.115
5.871	-1.000	-0.128
5.907	-1.000	-0.139
5.942	-1.000	-0.149
5.977	-1.000	-0.157
6.013	-1.000	-0.164
6.048	-1.000	-0.170
6.083	-1.000	-0.176
6.118	-1.000	-0.180
6.153	-1.000	-0.184
6.188	-1.000	-0.188
6.223	-1.000	-0.191
6.258	-1.000	-0.193
6.293	-1.000	-0.196
6.328	-1.000	-0.197
6.363	-1.000	-0.199
6.398	-1.000	-0.200
6.433	-1.000	-0.202
6.468	-1.000	-0.202
6.503	-1.000	-0.203
6.538	-1.000	-0.204
6.573	-1.000	-0.205
6.608	-1.000	-0.206
6.643	-1.000	-0.206
6.678	-1.000	-0.207
6.713	-1.000	-0.207
6.748	-1.000	-0.208
6.783	-1.000	-0.208
6.819	-1.000	-0.208
6.854	-1.000	-0.209
6.890	-1.000	-0.208
6.925	-1.000	-0.209
6.961	-1.000	-0.209
6.996	-1.000	-0.209
7.031	-1.000	-0.209
7.066	-1.000	-0.209
7.101	-1.000	-0.209
7.136	-1.000	-0.210
7.171	-1.000	-0.210
7.206	-1.000	-0.209
7.241	-1.000	-0.210
7.277	-1.000	-0.210
7.312	-1.000	-0.209
7.347	-1.000	-0.210
7.382	-1.000	-0.209
7.417	-1.000	-0.210
7.452	-1.000	-0.209
7.487	-1.000	-0.210
7.522	-1.000	-0.210
7.558	-1.000	-0.210
7.593	-1.000	-0.210
7.628	-1.000	-0.211
7.663	-1.000	-0.210
7.698	-1.000	-0.210
7.733	-1.000	-0.210
7.768	-1.000	-0.211
7.803	-1.000	-0.210
7.839	-1.000	-0.211
7.875	-1.000	-0.211
7.910	-1.000	-0.211
7.945	-1.000	-0.210
7.980	-1.000	-0.210
8.015	-1.000	-0.211
8.050	-1.000	-0.211
8.085	-1.000	-0.211
8.120	-1.000	-0.210
8.155	-1.000	-0.211
8.190	-1.000	-0.210
8.225	-1.000	-0.211
8.260	-1.000	-0.210
8.295	-1.000	-0.210
8.330	-1.000	-0.211
8.365	-1.000	-0.211
8.401	-1.000	-0.211
8.437	-1.000	-0.210
8.472	-1.000	-0.210
8.507	-1.000	-0.210
8.542	-1.000	-0.210
8.577	-1.000	-0.210
8.612	-1.000	-0.210
8.647	-1.000	-0.210
8.682	-1.000	-0.210
8.718	-1.000	-0.210
8.754	-1.000	-0.210
8.789	-1.000	-0.210
8.824	-1.000	-0.210
8.859	-1.000	-0.210
8.895	-1.000	-0.210
8.930	-1.000	-0.210
8.965	-1.000	-0.210
9.000	-1.000	-0.210
9.035	-1.000	-0.210
9.070	-1.000	-0.211
9.105	-1.000	-0.211
9.140	-1.000	-0.211
9.176	-1.000	-0.210
9.211	-1.000	-0.210
9.246	-1.000	-0.210
9.281	-1.000	-0.210
9.316	-1.000	-0.210
9.351	-1.000	-0.210
9.387	-1.000	-0.211
9.422	-1.000	-0.210
9.457	-1.000	-0.210
9.492	-1.000	-0.211
9.527	-1.000	-0.211
9.562	-1.000	-0.211
9.597	-1.000	-0.211
9.632	-1.000	-0.211
9.667	-1.000	-0.211
9.702	-1.000	-0.210
9.737	-1.000	-0.211
9.772	-1.000	-0.210
9.808	-1.000	-0.210
9.843	-1.000	-0.210
9.879	-1.000	-0.210
9.914	-1.000	-0.210
9.949	-1.000	-0.210
9.984	-1.000	-0.210
10.019	-1.000	-0.210
10.054	-1.000	-0.211
10.089	-1.000	-0.210
10.125	-1.000	-0.210
10.161	-1.000	-0.210
10.197	-1.000	-0.210
10.232	-1.000	-0.210
10.268	-1.000	-0.210
10.303	-1.000	-0.209
10.338	-1.000	-0.209
10.373	-1.000	-0.209
10.408	-1.000	-0.210
10.443	-1.000	-0.210
10.478	-1.000	-0.210
10.513	-1.000	-0.209
10.548	-1.000	-0.210
10.583	-1.000	-0.210
10.618	-1.000	-0.210
10.653	-1.000	-0.210
10.688	-1.000	-0.210
10.723	-1.000	-0.210
10.758	-1.000	-0.210
10.793	-1.000	-0.210
10.828	-1.000	-0.210
10.864	-1.000	-0.210
10.899	-1.000	-0.210
10.934	-1.000	-0.210
10.969	-1.000	-0.210
11.004	-1.000	-0.210
11.039	-1.000	-0.210
11.074	-1.000	-0.209
11.109	-1.000	-0.210
11.144	-1.000	-0.210
11.179	-1.000	-0.210
11.215	-1.000	-0.210
11.250	-1.000	-0.210
11.285	-1.000	-0.210
11.320	-1.000	-0.210
11.355	-1.000	-0.211
11.390	-1.000	-0.211
11.426	-1.000	-0.210
11.461	-1.000	-0.211
11.497	-1.000	-0.210
11.532	-1.000	-0.211
11.567	-1.000	-0.210
11.602	-1.000	-0.210
11.638	-1.000	-0.210
11.673	-1.000	-0.210
11.708	-1.000	-0.210
11.743	-1.000	-0.210
11.778	-1.000	-0.211
11.814	-1.000	-0.211
11.850	-1.000	-0.210
11.885	-1.000	-0.210
11.920	-1.000	-0.210
11.955	-1.000	-0.210
11.990	-1.000	-0.210
12.026	-1.000	-0.211
12.061	-1.000	-0.211
12.096	-1.000	-0.210
12.131	-1.000	-0.210
12.166	-1.000	-0.210
12.201	-1.000	-0.210
12.236	-1.000	-0.210
12.271	-1.000	-0.210
12.306	-1.000	-0.210
12.341	-1.000	-0.211
12.376	-1.000	-0.211
12.412	-1.000	-0.211
12.447	-1.000	-0.210
12.482	-1.000	-0.210
12.517	-1.000	-0.211
12.552	-1.000	-0.210
12.588	-1.000	-0.211
12.623	-1.000	-0.210
12.658	-1.000	-0.210
12.693	-1.000	-0.210
12.729	-1.000	-0.210
12.764	-1.000	-0.211
12.799	-1.000	-0.211
12.835	-1.000	-0.211
12.870	-1.000	-0.212
12.905	-1.000	-0.211
12.940	-1.000	-0.211
12.975	-1.000	-0.211
13.010	-1.000	-0.211
13.046	-1.000	-0.211
13.081	-1.000	-0.210
13.116	-1.000	-0.210
13.151	-1.000	-0.210
13.186	-1.000	-0.210
13.221	-1.000	-0.210
13.256	-1.000	-0.210
13.291	-1.000	-0.211
13.327	-1.000	-0.211
13.362	-1.000	-0.210
13.397	-1.000	-0.210
13.432	-1.000	-0.210
13.467	-1.000	-0.210
13.502	-1.000	-0.210
13.537	-1.000	-0.210
13.572	-1.000	-0.210
13.607	-1.000	-0.211
13.642	-1.000	-0.211
13.677	-1.000	-0.210
13.712	-1.000	-0.210
13.747	-1.000	-0.210
13.782	-1.000	-0.210
13.817	-1.000	-0.210
13.852	-1.000	-0.210
13.887	-1.000	-0.210
13.922	-1.000	-0.210
13.957	-1.000	-0.210
13.992	-1.000	-0.210
14.028	-1.000	-0.210
14.064	-1.000	-0.210
14.099	-1.000	-0.210
14.134	-1.000	-0.210
14.169	-1.000	-0.210
14.204	-1.000	-0.210
14.239	-1.000	-0.210
14.274	-1.000	-0.211
14.309	-1.000	-0.210
14.344	-1.000	-0.210
14.380	-1.000	-0.210
14.415	-1.000	-0.210
14.450	-1.000	-0.210
14.485	-1.000	-0.210
14.521	-1.000	-0.210
14.556	-1.000	-0.210
14.591	-1.000	-0.210
14.626	-1.000	-0.210
