0.000	0.000	0.000
0.035	0.000	0.000
0.070	0.000	0.000
0.105	0.000	0.000
0.141	0.000	0.000
0.176	0.000	0.000
0.212	0.000	0.000
0.247	0.000	0.000
0.282	0.000	0.000
0.317	0.000	0.000
0.353	0.000	0.000
0.388	0.000	0.000
0.423	0.000	0.000
0.458	0.000	0.000
0.493	0.000	0.000
0.528	0.000	0.000
0.563	0.000	0.000
0.598	0.000	0.000
0.634	0.000	0.000
0.670	0.000	0.000
0.705	0.000	0.000
0.740	0.000	0.000
0.775	0.000	0.000
0.810	0.000	0.000
0.845	0.000	0.000
0.881	0.000	0.000
0.917	0.000	0.000
0.952	0.000	0.000
0.987	0.000	0.000
1.022	0.000	0.000
1.057	0.000	0.000
1.092	0.000	0.000
1.127	0.000	0.000
1.163	0.000	0.000
1.199	0.000	0.000
1.234	0.000	0.000
1.269	0.000	0.000
1.304	0.000	0.000
1.340	0.000	0.000
1.375	0.000	0.000
1.410	0.000	0.000
1.445	0.000	0.000
1.480	0.000	0.000
1.515	0.000	0.000
1.550	0.000	0.000
1.586	0.000	0.000
1.622	0.000	0.000
1.657	0.000	0.000
1.692	0.000	0.000
1.727	0.000	0.000
1.762	0.000	0.000
1.797	0.000	0.000
1.832	0.000	0.000
1.867	0.000	0.000
1.902	0.000	0.000
1.937	0.000	0.000
1.972	0.000	0.000
2.007	0.000	0.000
2.043	0.000	0.000
2.079	0.000	0.000
2.114	0.000	0.000
2.149	0.000	0.000
2.184	0.000	0.000
2.220	0.000	0.000
2.255	0.000	0.000
2.290	0.000	0.000
2.325	0.000	0.000
2.360	0.000	0.000
2.395	0.000	0.000
2.431	0.000	0.000
2.467	0.000	0.000
2.502	0.000	0.000
2.538	0.000	0.000
2.573	0.000	0.000
2.608	0.000	0.000
2.643	0.000	0.000
2.679	0.000	0.000
2.714	0.000	0.000
2.749	0.000	0.000
2.784	0.000	0.000
2.819	0.000	0.000
2.854	0.000	0.000
2.889	0.000	0.000
2.925	0.000	0.000
2.960	0.000	0.000
2.995	0.000	0.000
3.030	0.000	0.000
3.065	0.000	0.000
3.100	0.000	0.000
3.135	0.000	0.000
3.170	0.000	0.000
3.205	0.000	0.000
3.240	0.000	0.000
3.276	0.000	0.000
3.311	0.000	0.000
3.346	0.000	0.000
3.381	0.000	0.000
3.416	0.000	0.000
3.451	0.000	0.000
3.487	0.000	0.000
3.522	0.000	0.000
3.557	0.000	0.000
3.592	0.000	0.000
3.627	0.000	0.000
3.662	0.000	0.000
3.698	0.000	0.000
3.733	0.000	0.000
3.768	0.000	0.000
3.803	0.000	0.000
3.838	0.000	0.000
3.873	0.000	0.000
3.908	0.000	0.000
3.943	0.000	0.000
3.978	0.000	0.000
4.013	0.000	0.000
4.048	0.000	0.000
4.083	0.000	0.000
4.119	0.000	0.000
4.154	0.000	0.000
4.189	0.000	0.000
4.224	0.000	0.000
4.259	0.000	0.000
4.294	0.000	0.000
4.329	0.000	0.000
4.364	0.000	0.000
4.399	0.000	0.000
4.434	0.000	0.000
4.469	0.000	0.000
4.504	0.000	0.000
4.539	6.000	0.000
4.574	6.000	0.000
4.609	6.000	0.088
4.644	6.000	0.253
4.679	6.000	0.406
4.714	6.000	0.540
4.749	6.000	0.656
4.784	6.000	0.756
4.819	6.000	0.842
4.854	6.000	0.916
4.890	6.000	0.978
4.925	6.000	1.029
4.960	6.000	1.075
4.995	6.000	1.116
5.030	6.000	1.150
5.065	6.000	1.180
5.101	6.000	1.205
5.136	6.000	1.226
5.171	6.000	1.245
5.206	6.000	1.261
5.241	6.000	1.274
5.277	6.000	1.286
5.312	6.000	1.297
5.347	6.000	1.308
5.382	6.000	1.312
5.417	6.000	1.323
5.452	6.000	1.324
5.487	6.000	1.334
5.522	6.000	1.333
5.559	6.000	1.337
5.595	6.000	1.339
5.630	6.000	1.343
5.665	6.000	1.346
5.700	6.000	1.349
5.735	6.000	1.350
5.770	6.000	1.349
5.805	6.000	1.353
5.840	6.000	1.352
5.875	6.000	1.352
5.910	6.000	1.354
5.947	6.000	1.354
5.982	6.000	1.353
6.017	6.000	1.358
6.052	6.000	1.355
6.087	6.000	1.358
6.122	6.000	1.357
6.157	6.000	1.359
6.192	6.000	1.358
6.227	6.000	1.358
6.262	6.000	1.358
6.297	6.000	1.362
6.332	6.000	1.358
6.368	6.000	1.358
6.403	6.000	1.360
6.438	6.000	1.360
6.473	6.000	1.360
6.508	6.000	1.356
6.544	6.000	1.356
6.579	6.000	1.355
6.614	6.000	1.355
6.649	6.000	1.356
6.684	6.000	1.358
6.719	6.000	1.359
6.754	6.000	1.356
6.789	6.000	1.359
6.824	6.000	1.360
6.859	6.000	1.364
6.895	6.000	1.357
6.930	6.000	1.359
6.965	6.000	1.360
7.001	6.000	1.360
7.037	6.000	1.357
7.072	6.000	1.357
7.107	6.000	1.358
7.142	6.000	1.361
7.177	6.000	1.356
7.212	6.000	1.356
7.247	6.000	1.358
7.282	6.000	1.360
7.317	6.000	1.357
7.352	6.000	1.358
7.387	6.000	1.359
7.423	6.000	1.361
7.458	6.000	1.361
7.494	6.000	1.361
7.529	6.000	1.363
7.564	6.000	1.360
7.599	6.000	1.361
7.634	6.000	1.363
7.669	6.000	1.360
7.704	6.000	1.360
7.739	6.000	1.361
7.774	6.000	1.359
7.809	6.000	1.359
7.844	6.000	1.360
7.879	6.000	1.360
7.914	6.000	1.359
7.949	6.000	1.363
7.984	6.000	1.363
8.019	6.000	1.360
8.054	6.000	1.359
8.089	6.000	1.359
8.124	6.000	1.359
8.159	6.000	1.361
8.194	6.000	1.361
8.230	6.000	1.361
8.267	6.000	1.359
8.302	6.000	1.358
8.337	6.000	1.359
8.372	6.000	1.362
8.407	6.000	1.361
8.442	6.000	1.362
8.477	6.000	1.360
8.512	6.000	1.358
8.547	6.000	1.358
8.583	6.000	1.358
8.618	6.000	1.358
8.653	6.000	1.364
8.688	6.000	1.358
8.723	6.000	1.358
8.758	6.000	1.358
8.794	6.000	1.360
8.829	6.000	1.361
8.864	6.000	1.360
8.899	6.000	1.364
8.934	6.000	1.359
8.969	6.000	1.360
9.005	6.000	1.364
9.040	6.000	1.359
9.075	6.000	1.360
9.110	6.000	1.361
9.145	6.000	1.359
9.180	6.000	1.359
9.215	6.000	1.361
9.250	6.000	1.361
9.285	6.000	1.359
9.321	6.000	1.358
9.356	6.000	1.361
9.391	6.000	1.356
9.426	6.000	1.357
9.461	6.000	1.356
9.496	6.000	1.356
9.531	6.000	1.357
9.566	6.000	1.356
9.601	6.000	1.357
9.636	6.000	1.361
9.671	6.000	1.357
9.706	6.000	1.357
9.741	6.000	1.358
9.777	6.000	1.358
9.812	6.000	1.358
9.847	6.000	1.358
9.882	6.000	1.360
9.917	6.000	1.359
9.952	6.000	1.357
9.989	6.000	1.357
10.024	6.000	1.356
10.059	6.000	1.357
10.094	6.000	1.358
10.129	6.000	1.359
10.164	6.000	1.358
10.199	6.000	1.358
10.234	6.000	1.359
10.269	6.000	1.359
10.304	6.000	1.359
10.340	6.000	1.359
10.375	6.000	1.358
10.410	6.000	1.359
10.445	6.000	1.359
10.481	6.000	1.363
10.516	6.000	1.361
10.551	6.000	1.357
10.587	6.000	1.361
10.622	6.000	1.356
10.657	6.000	1.358
10.692	6.000	1.356
10.727	6.000	1.360
10.762	6.000	1.356
10.797	6.000	1.356
10.832	6.000	1.356
10.867	6.000	1.359
10.902	6.000	1.361
10.937	6.000	1.361
10.972	6.000	1.360
11.007	6.000	1.357
11.042	6.000	1.357
11.077	6.000	1.358
11.112	6.000	1.358
