0.000	0.000	0.000
0.035	0.000	0.000
0.070	0.000	0.000
0.105	0.000	0.000
0.141	0.000	0.000
0.176	0.000	0.000
0.211	0.000	0.000
0.246	0.000	0.000
0.281	0.000	0.000
0.316	0.000	0.000
0.351	0.000	0.000
0.386	0.000	0.000
0.421	0.000	0.000
0.456	0.000	0.000
0.492	0.000	0.000
0.527	0.000	0.000
0.562	0.000	0.000
0.597	0.000	0.000
0.632	0.000	0.000
0.668	0.000	0.000
0.704	0.000	0.000
0.740	0.000	0.000
0.775	0.000	0.000
0.810	0.000	0.000
0.846	0.000	0.000
0.881	0.000	0.000
0.916	0.000	0.000
0.951	0.000	0.000
0.986	0.000	0.000
1.021	0.000	0.000
1.056	0.000	0.000
1.091	0.000	0.000
1.126	0.000	0.000
1.161	0.000	0.000
1.196	0.000	0.000
1.231	0.000	0.000
1.268	0.000	0.000
1.303	0.000	0.000
1.338	0.000	0.000
1.373	0.000	0.000
1.408	0.000	0.000
1.443	0.000	0.000
1.478	0.000	0.000
1.513	0.000	0.000
1.548	0.000	0.000
1.583	0.000	0.000
1.618	0.000	0.000
1.653	0.000	0.000
1.688	0.000	0.000
1.723	0.000	0.000
1.759	0.000	0.000
1.794	0.000	0.000
1.830	0.000	0.000
1.865	0.000	0.000
1.900	0.000	0.000
1.936	0.000	0.000
1.971	0.000	0.000
2.006	0.000	0.000
2.041	0.000	0.000
2.076	0.000	0.000
2.111	0.000	0.000
2.147	0.000	0.000
2.182	0.000	0.000
2.217	0.000	0.000
2.252	0.000	0.000
2.288	0.000	0.000
2.324	0.000	0.000
2.359	0.000	0.000
2.394	0.000	0.000
2.429	0.000	0.000
2.465	0.000	0.000
2.500	0.000	0.000
2.535	0.000	0.000
2.570	0.000	0.000
2.606	0.000	0.000
2.641	0.000	0.000
2.676	0.000	0.000
2.712	0.000	0.000
2.747	0.000	0.000
2.783	0.000	0.000
2.818	0.000	0.000
2.853	0.000	0.000
2.888	0.000	0.000
2.923	0.000	0.000
2.958	0.000	0.000
2.993	0.000	0.000
3.029	0.000	0.000
3.064	0.000	0.000
3.099	0.000	0.000
3.134	0.000	0.000
3.169	0.000	0.000
3.204	0.000	0.000
3.239	0.000	0.000
3.274	0.000	0.000
3.309	0.000	0.000
3.344	0.000	0.000
3.379	0.000	0.000
3.414	0.000	0.000
3.449	0.000	0.000
3.484	0.000	0.000
3.519	0.000	0.000
3.554	0.000	0.000
3.589	0.000	0.000
3.625	0.000	0.000
3.660	0.000	0.000
3.695	0.000	0.000
3.730	0.000	0.000
3.765	0.000	0.000
3.800	0.000	0.000
3.836	0.000	0.000
3.871	0.000	0.000
3.906	0.000	0.000
3.941	0.000	0.000
3.976	0.000	0.000
4.011	0.000	0.000
4.046	0.000	0.000
4.081	0.000	0.000
4.116	0.000	0.000
4.151	0.000	0.000
4.186	0.000	0.000
4.221	0.000	0.000
4.257	0.000	0.000
4.292	0.000	0.000
4.327	0.000	0.000
4.362	0.000	0.000
4.397	0.000	0.000
4.433	0.000	0.000
4.468	0.000	0.000
4.503	0.000	0.000
4.539	0.000	0.000
4.574	0.000	0.000
4.609	0.000	0.000
4.644	0.000	0.000
4.679	0.000	0.000
4.714	0.000	0.000
4.750	0.000	0.000
4.785	0.000	0.000
4.820	0.000	0.000
4.856	0.000	0.000
4.891	0.000	0.000
4.926	0.000	0.000
4.961	0.000	0.000
4.996	0.000	0.000
5.031	0.000	0.000
5.066	0.000	0.000
5.101	0.000	0.000
5.136	0.000	0.000
5.172	0.000	0.000
5.207	0.000	0.000
5.243	0.000	0.000
5.278	0.000	0.000
5.313	0.000	0.000
5.349	0.000	0.000
5.384	0.000	0.000
5.419	0.000	0.000
5.454	0.000	0.000
5.489	0.000	0.000
5.524	0.000	0.000
5.559	0.000	0.000
5.594	0.000	0.000
5.629	0.000	0.000
5.664	0.000	0.000
5.699	0.000	0.000
5.734	0.000	0.000
5.769	0.000	0.000
5.804	0.000	0.000
5.839	0.000	0.000
5.874	0.000	0.000
5.909	0.000	0.000
5.944	0.000	0.000
5.979	0.000	0.000
6.014	0.000	0.000
6.049	0.000	0.000
6.084	0.000	0.000
6.119	0.000	0.000
6.154	0.000	0.000
6.189	0.000	0.000
6.224	0.000	0.000
6.259	0.000	0.000
6.294	0.000	0.000
6.329	0.000	0.000
6.364	0.000	0.000
6.399	0.000	0.000
6.434	0.000	0.000
6.469	0.000	0.000
6.504	0.000	0.000
6.539	0.000	0.000
6.574	0.000	0.000
6.609	0.000	0.000
6.644	0.000	0.000
6.679	0.000	0.000
6.714	0.000	0.000
6.749	0.000	0.000
6.784	0.000	0.000
6.819	0.000	0.000
6.854	0.000	0.000
6.889	0.000	0.000
6.924	0.000	0.000
6.959	0.000	0.000
6.994	0.000	0.000
7.029	0.000	0.000
7.064	0.000	0.000
7.099	0.000	0.000
7.134	0.000	0.000
7.169	0.000	0.000
7.204	0.000	0.000
7.239	0.000	0.000
7.274	0.000	0.000
7.309	0.000	0.000
7.344	0.000	0.000
7.379	0.000	0.000
7.414	0.000	0.000
7.449	0.000	0.000
7.484	0.000	0.000
7.519	0.000	0.000
7.554	0.000	0.000
7.589	0.000	0.000
7.626	0.000	0.000
7.661	0.000	0.000
7.696	0.000	0.000
7.731	0.000	0.000
7.767	0.000	0.000
7.802	0.000	0.000
7.837	0.000	0.000
7.872	0.000	0.000
7.907	0.000	0.000
7.942	0.000	0.000
7.977	0.000	0.000
8.012	0.000	0.000
8.047	0.000	0.000
8.083	0.000	0.000
8.118	0.000	0.000
8.153	0.000	0.000
8.188	0.000	0.000
8.223	0.000	0.000
8.258	0.000	0.000
8.293	0.000	0.000
8.328	0.000	0.000
8.363	0.000	0.000
8.398	0.000	0.000
8.433	0.000	0.000
8.468	0.000	0.000
8.503	0.000	0.000
8.538	0.000	0.000
8.573	0.000	0.000
8.608	0.000	0.000
8.643	0.000	0.000
8.678	0.000	0.000
8.713	0.000	0.000
8.749	0.000	0.000
8.784	0.000	0.000
8.819	0.000	0.000
8.855	0.000	0.000
8.890	0.000	0.000
8.925	0.000	0.000
8.960	0.000	0.000
8.995	0.000	0.000
9.030	-8.000	0.000
9.065	-8.000	0.000
9.100	-8.000	-0.112
9.135	-8.000	-0.326
9.170	-8.000	-0.532
9.205	-8.000	-0.715
9.240	-8.000	-0.871
9.275	-8.000	-1.005
9.310	-8.000	-1.120
9.345	-8.000	-1.220
9.380	-8.000	-1.305
9.416	-8.000	-1.379
9.451	-8.000	-1.435
9.486	-8.000	-1.495
9.521	-8.000	-1.541
9.556	-8.000	-1.576
9.591	-8.000	-1.612
9.626	-8.000	-1.645
9.661	-8.000	-1.667
9.697	-8.000	-1.693
9.732	-8.000	-1.707
9.768	-8.000	-1.727
9.803	-8.000	-1.739
9.838	-8.000	-1.752
9.873	-8.000	-1.763
9.909	-8.000	-1.771
9.944	-8.000	-1.783
9.979	-8.000	-1.789
10.014	-8.000	-1.788
10.049	-8.000	-1.795
10.084	-8.000	-1.800
10.119	-8.000	-1.801
10.155	-8.000	-1.810
10.190	-8.000	-1.807
10.225	-8.000	-1.811
10.261	-8.000	-1.814
10.296	-8.000	-1.820
10.332	-8.000	-1.819
10.367	-8.000	-1.816
10.402	-8.000	-1.820
10.437	-8.000	-1.819
10.472	-8.000	-1.819
10.509	-8.000	-1.826
10.544	-8.000	-1.819
10.579	-8.000	-1.829
10.615	-8.000	-1.822
10.650	-8.000	-1.823
10.686	-8.000	-1.825
10.721	-8.000	-1.826
10.756	-8.000	-1.827
10.791	-8.000	-1.823
10.826	-8.000	-1.827
10.861	-8.000	-1.825
10.896	-8.000	-1.829
10.931	-8.000	-1.823
10.966	-8.000	-1.829
11.002	-8.000	-1.824
11.037	-8.000	-1.823
11.073	-8.000	-1.824
11.108	-8.000	-1.825
11.143	-8.000	-1.826
11.178	-8.000	-1.827
11.214	-8.000	-1.827
11.249	-8.000	-1.831
11.284	-8.000	-1.825
11.319	-8.000	-1.826
11.355	-8.000	-1.827
11.390	-8.000	-1.827
11.425	-8.000	-1.824
11.460	-8.000	-1.825
11.495	-8.000	-1.829
11.530	-8.000	-1.824
11.565	-8.000	-1.824
11.600	-8.000	-1.829
11.635	-8.000	-1.829
11.670	-8.000	-1.823
11.706	-8.000	-1.825
11.741	-8.000	-1.823
11.776	-8.000	-1.825
11.811	-8.000	-1.824
11.847	-8.000	-1.825
11.882	-8.000	-1.827
11.918	-8.000	-1.827
11.953	-8.000	-1.830
11.989	-8.000	-1.826
12.024	-8.000	-1.824
12.059	-8.000	-1.829
12.094	-8.000	-1.829
12.129	-8.000	-1.824
12.165	-8.000	-1.823
12.201	-8.000	-1.829
12.236	-8.000	-1.822
12.271	-8.000	-1.825
12.306	-8.000	-1.825
12.341	-8.000	-1.824
12.376	-8.000	-1.829
12.411	-8.000	-1.823
12.446	-8.000	-1.830
12.481	-8.000	-1.823
12.517	-8.000	-1.829
12.552	-8.000	-1.830
12.587	-8.000	-1.822
12.622	-8.000	-1.822
12.657	-8.000	-1.825
12.692	-8.000	-1.824
12.727	-8.000	-1.824
12.762	-8.000	-1.825
12.797	-8.000	-1.825
12.832	-8.000	-1.827
12.867	-8.000	-1.828
12.903	-8.000	-1.825
12.939	-8.000	-1.825
12.974	-8.000	-1.825
13.009	-8.000	-1.826
13.044	-8.000	-1.826
13.079	-8.000	-1.828
13.114	-8.000	-1.828
13.149	-8.000	-1.828
13.184	-8.000	-1.825
13.219	-8.000	-1.830
13.254	-8.000	-1.826
13.289	-8.000	-1.827
13.325	-8.000	-1.827
13.361	-8.000	-1.827
13.396	-8.000	-1.821
13.431	-8.000	-1.824
13.466	-8.000	-1.824
13.501	-8.000	-1.828
13.536	-8.000	-1.828
13.571	-8.000	-1.824
13.606	-8.000	-1.827
13.641	-8.000	-1.831
13.676	-8.000	-1.826
13.711	-8.000	-1.824
13.746	-8.000	-1.824
13.781	-8.000	-1.825
13.816	-8.000	-1.830
13.851	-8.000	-1.825
13.886	-8.000	-1.825
13.921	-8.000	-1.824
13.956	-8.000	-1.830
13.991	-8.000	-1.824
14.026	-8.000	-1.826
14.061	-8.000	-1.828
14.096	-8.000	-1.829
14.131	-8.000	-1.823
14.167	-8.000	-1.823
14.202	-8.000	-1.827
14.237	-8.000	-1.829
14.272	-8.000	-1.824
14.308	-8.000	-1.823
14.343	-8.000	-1.824
14.378	-8.000	-1.826
14.414	-8.000	-1.825
14.449	-8.000	-1.825
14.484	-8.000	-1.824
14.520	-8.000	-1.830
14.555	-8.000	-1.829
14.590	-8.000	-1.823
14.625	-8.000	-1.823
14.660	-8.000	-1.830
14.695	-8.000	-1.823
14.730	-8.000	-1.825
14.765	-8.000	-1.824
14.800	-8.000	-1.827
14.836	-8.000	-1.825
14.872	-8.000	-1.825
14.907	-8.000	-1.825
14.942	-8.000	-1.825
14.977	-8.000	-1.828
15.012	-8.000	-1.825
15.047	-8.000	-1.830
15.082	-8.000	-1.824
15.117	-8.000	-1.825
15.152	-8.000	-1.824
15.187	-8.000	-1.825
15.222	-8.000	-1.824
15.258	-8.000	-1.826
15.293	-8.000	-1.824
15.329	-8.000	-1.831
15.364	-8.000	-1.824
15.399	-8.000	-1.829
15.434	-8.000	-1.824
15.470	-8.000	-1.825
15.505	-8.000	-1.823
15.540	-8.000	-1.824
15.575	-8.000	-1.825
15.611	-8.000	-1.829
15.646	-8.000	-1.821
15.681	-8.000	-1.822
15.717	-8.000	-1.829
15.752	-8.000	-1.823
15.787	-8.000	-1.824
15.823	-8.000	-1.823
15.858	-8.000	-1.830
15.893	-8.000	-1.828
15.928	-8.000	-1.821
15.963	-8.000	-1.828
15.998	-8.000	-1.821
16.033	-8.000	-1.821
16.068	-8.000	-1.822
16.103	-8.000	-1.822
16.138	-8.000	-1.828
16.174	-8.000	-1.821
16.209	-8.000	-1.826
16.244	-8.000	-1.823
16.279	-8.000	-1.823
16.314	-8.000	-1.821
16.349	-8.000	-1.827
16.384	-8.000	-1.827
16.419	-8.000	-1.827
16.454	-8.000	-1.819
16.490	-8.000	-1.825
16.525	-8.000	-1.819
16.560	-8.000	-1.820
16.595	-8.000	-1.822
16.630	-8.000	-1.823
16.665	-8.000	-1.822
16.700	-8.000	-1.829
16.735	-8.000	-1.822
16.770	-8.000	-1.824
16.805	-8.000	-1.824
16.841	-8.000	-1.829
16.876	-8.000	-1.823
16.911	-8.000	-1.822
16.946	-8.000	-1.826
16.981	-8.000	-1.823
17.018	-8.000	-1.825
17.053	-8.000	-1.823
17.088	-8.000	-1.826
17.123	-8.000	-1.830
17.158	-8.000	-1.828
17.194	-8.000	-1.823
17.231	-8.000	-1.823
17.268	-8.000	-1.824
17.303	-8.000	-1.824
17.338	-8.000	-1.826
17.374	-8.000	-1.826
17.409	-8.000	-1.828
17.444	-8.000	-1.827
17.479	-8.000	-1.829
17.514	-8.000	-1.830
17.549	-8.000	-1.824
17.584	-8.000	-1.825
17.620	-8.000	-1.824
17.655	-8.000	-1.824
17.691	-8.000	-1.829
17.726	-8.000	-1.823
17.761	-8.000	-1.825
17.796	-8.000	-1.825
17.832	-8.000	-1.824
17.867	-8.000	-1.824
17.902	-8.000	-1.824
17.937	-8.000	-1.825
17.972	-8.000	-1.826
18.007	-8.000	-1.831
18.042	-8.000	-1.831
18.077	-8.000	-1.827
18.112	-8.000	-1.824
18.147	-8.000	-1.825
18.183	-8.000	-1.824
18.218	-8.000	-1.824
18.253	-8.000	-1.825
18.289	-8.000	-1.828
18.324	-8.000	-1.826
18.359	-8.000	-1.826
18.395	-8.000	-1.824
18.430	-8.000	-1.829
18.465	-8.000	-1.825
18.500	-8.000	-1.823
18.535	-8.000	-1.824
18.570	-8.000	-1.824
18.605	-8.000	-1.822
18.640	-8.000	-1.825
18.675	-8.000	-1.822
18.710	-8.000	-1.829
18.745	-8.000	-1.822
18.780	-8.000	-1.828
18.816	-8.000	-1.825
18.851	-8.000	-1.827
18.886	-8.000	-1.821
18.921	-8.000	-1.823
18.956	-8.000	-1.822
18.992	-8.000	-1.828
19.027	-8.000	-1.821
19.063	-8.000	-1.822
19.099	-8.000	-1.827
19.134	-8.000	-1.821
19.169	-8.000	-1.824
19.205	-8.000	-1.824
19.241	-8.000	-1.824
19.276	-8.000	-1.825
19.311	-8.000	-1.822
19.346	-8.000	-1.824
19.381	-8.000	-1.822
19.416	-8.000	-1.825
19.451	-8.000	-1.826
19.487	-8.000	-1.825
19.522	-8.000	-1.821
19.557	-8.000	-1.825
19.592	-8.000	-1.825
19.627	-8.000	-1.820
19.662	-8.000	-1.819
19.697	-8.000	-1.822
19.732	-8.000	-1.821
19.767	-8.000	-1.827
19.802	-8.000	-1.820
