0.000	0.000	0.000
0.035	0.000	0.000
0.070	0.000	0.000
0.105	0.000	0.000
0.140	0.000	0.000
0.176	0.000	0.000
0.211	0.000	0.000
0.246	0.000	0.000
0.282	0.000	0.000
0.317	0.000	0.000
0.352	0.000	0.000
0.387	0.000	0.000
0.422	0.000	0.000
0.457	0.000	0.000
0.492	0.000	0.000
0.527	0.000	0.000
0.562	0.000	0.000
0.597	0.000	0.000
0.632	0.000	0.000
0.667	0.000	0.000
0.702	0.000	0.000
0.738	0.000	0.000
0.773	0.000	0.000
0.808	0.000	0.000
0.843	0.000	0.000
0.879	0.000	0.000
0.914	0.000	0.000
0.949	0.000	0.000
0.984	0.000	0.000
1.019	0.000	0.000
1.054	0.000	0.000
1.089	0.000	0.000
1.125	0.000	0.000
1.160	0.000	0.000
1.196	0.000	0.000
1.231	0.000	0.000
1.266	0.000	0.000
1.301	0.000	0.000
1.336	0.000	0.000
1.372	0.000	0.000
1.407	0.000	0.000
1.442	0.000	0.000
1.477	0.000	0.000
1.512	0.000	0.000
1.548	0.000	0.000
1.583	0.000	0.000
1.618	0.000	0.000
1.653	0.000	0.000
1.688	0.000	0.000
1.724	0.000	0.000
1.759	0.000	0.000
1.795	0.000	0.000
1.830	0.000	0.000
1.865	0.000	0.000
1.900	0.000	0.000
1.935	0.000	0.000
1.971	0.000	0.000
2.008	0.000	0.000
2.043	0.000	0.000
2.078	0.000	0.000
2.113	0.000	0.000
2.148	0.000	0.000
2.183	0.000	0.000
2.218	0.000	0.000
2.254	0.000	0.000
2.289	0.000	0.000
2.324	0.000	0.000
2.359	0.000	0.000
2.394	0.000	0.000
2.429	0.000	0.000
2.464	0.000	0.000
2.499	0.000	0.000
2.534	0.000	0.000
2.569	0.000	0.000
2.604	0.000	0.000
2.639	0.000	0.000
2.674	0.000	0.000
2.709	0.000	0.000
2.745	0.000	0.000
2.781	0.000	0.000
2.816	0.000	0.000
2.851	0.000	0.000
2.887	0.000	0.000
2.922	0.000	0.000
2.957	0.000	0.000
2.992	0.000	0.000
3.027	0.000	0.000
3.062	0.000	0.000
3.097	0.000	0.000
3.132	0.000	0.000
3.167	0.000	0.000
3.202	0.000	0.000
3.238	0.000	0.000
3.273	0.000	0.000
3.308	0.000	0.000
3.344	0.000	0.000
3.380	0.000	0.000
3.415	0.000	0.000
3.450	0.000	0.000
3.485	0.000	0.000
3.520	0.000	0.000
3.556	0.000	0.000
3.591	0.000	0.000
3.627	0.000	0.000
3.663	0.000	0.000
3.698	0.000	0.000
3.733	0.000	0.000
3.768	0.000	0.000
3.803	0.000	0.000
3.838	0.000	0.000
3.873	0.000	0.000
3.909	0.000	0.000
3.944	0.000	0.000
3.979	0.000	0.000
4.014	0.000	0.000
4.050	0.000	0.000
4.086	0.000	0.000
4.121	0.000	0.000
4.156	0.000	0.000
4.191	0.000	0.000
4.226	0.000	0.000
4.261	0.000	0.000
4.296	0.000	0.000
4.331	0.000	0.000
4.368	0.000	0.000
4.405	0.000	0.000
4.440	0.100	0.000
4.476	0.100	0.000
4.511	0.100	0.000
4.546	0.100	0.000
4.581	0.100	0.000
4.616	0.100	0.000
4.651	0.100	0.000
4.686	0.100	0.000
4.722	0.100	0.000
4.757	0.100	0.000
4.792	0.100	0.000
4.829	0.100	0.000
4.865	0.100	0.000
4.900	0.100	0.000
4.935	0.100	0.000
4.970	0.100	0.000
5.005	0.100	0.000
5.040	0.100	0.000
5.075	0.100	0.000
5.110	0.100	0.000
5.145	0.100	0.000
5.181	0.100	0.000
5.216	0.100	0.000
5.251	0.100	0.000
5.286	0.100	0.000
5.321	0.100	0.000
5.356	0.100	0.000
5.391	0.100	0.000
5.426	0.100	0.000
5.462	0.100	0.000
5.497	0.100	0.000
5.532	0.100	0.000
5.568	0.100	0.000
5.603	0.100	0.000
5.638	0.100	0.000
5.673	0.100	0.000
5.708	0.100	0.000
5.743	0.100	0.000
5.778	0.100	0.000
5.814	0.100	0.000
5.849	0.100	0.000
5.884	0.100	0.000
5.919	0.100	0.000
5.954	0.100	0.000
5.989	0.100	0.000
6.025	0.100	0.000
6.061	0.100	0.000
6.096	0.100	0.000
6.131	0.100	0.000
6.166	0.100	0.000
6.201	0.100	0.000
6.236	0.100	0.000
6.271	0.100	0.000
6.306	0.100	0.000
6.341	0.100	0.000
6.377	0.100	0.000
6.412	0.100	0.000
6.447	0.100	0.000
6.482	0.100	0.000
6.517	0.100	0.000
6.552	0.100	0.000
6.587	0.100	0.000
6.622	0.100	0.000
6.658	0.100	0.000
6.693	0.100	0.000
6.728	0.100	0.000
6.764	0.100	0.000
6.799	0.100	0.000
6.834	0.100	0.000
6.869	0.100	0.000
6.904	0.100	0.000
6.940	0.100	0.000
6.976	0.100	0.000
7.011	0.100	0.000
7.047	0.100	0.000
7.082	0.100	0.000
7.117	0.100	0.000
7.152	0.100	0.000
7.187	0.100	0.000
7.222	0.100	0.000
7.257	0.100	0.000
7.292	0.100	0.000
7.327	0.100	0.000
7.363	0.100	0.000
7.399	0.100	0.000
7.435	0.100	0.000
7.470	0.100	0.000
7.505	0.100	0.000
7.540	0.100	0.000
7.575	0.100	0.000
7.610	0.100	0.000
7.645	0.100	0.000
7.680	0.100	0.000
7.716	0.100	0.000
7.752	0.100	0.000
7.788	0.100	0.000
7.823	0.200	0.000
7.858	0.200	0.000
7.893	0.200	0.001
7.928	0.200	0.003
7.963	0.200	0.005
7.998	0.200	0.007
8.033	0.200	0.009
8.068	0.200	0.011
8.104	0.200	0.012
8.139	0.200	0.014
8.174	0.200	0.014
8.209	0.200	0.015
8.244	0.200	0.016
8.279	0.200	0.016
8.314	0.200	0.017
8.349	0.200	0.018
8.384	0.200	0.018
8.419	0.200	0.019
8.454	0.200	0.019
8.489	0.200	0.019
8.525	0.200	0.020
8.560	0.200	0.020
8.597	0.200	0.020
8.632	0.200	0.021
8.667	0.200	0.021
8.702	0.200	0.021
8.737	0.200	0.021
8.772	0.200	0.021
8.808	0.200	0.021
8.843	0.200	0.021
8.878	0.200	0.021
8.913	0.200	0.021
8.948	0.200	0.021
8.984	0.200	0.021
9.019	0.200	0.021
9.055	0.200	0.020
9.090	0.200	0.020
9.125	0.200	0.020
9.160	0.200	0.020
9.195	0.200	0.020
9.230	0.200	0.020
9.266	0.200	0.021
9.301	0.200	0.021
9.336	0.200	0.021
9.371	0.200	0.022
9.406	0.200	0.022
9.441	0.200	0.022
9.476	0.200	0.022
9.511	0.200	0.022
9.547	0.200	0.022
9.582	0.200	0.022
9.618	0.200	0.021
9.653	0.200	0.021
9.688	0.200	0.021
9.723	0.200	0.021
9.759	0.200	0.021
9.795	0.200	0.021
9.830	0.200	0.021
9.866	0.200	0.021
9.901	0.200	0.021
9.936	0.200	0.020
9.971	0.200	0.020
10.006	0.200	0.020
10.041	0.200	0.021
10.076	0.200	0.021
10.112	0.200	0.020
10.147	0.200	0.020
10.182	0.200	0.020
10.218	0.200	0.021
10.253	0.200	0.021
10.288	0.200	0.021
10.324	0.200	0.021
10.359	0.200	0.021
10.395	0.200	0.022
10.430	0.200	0.022
10.465	0.200	0.021
10.500	0.200	0.021
10.535	0.200	0.021
10.570	0.200	0.021
10.605	0.200	0.021
10.640	0.200	0.022
10.675	0.200	0.022
10.711	0.200	0.022
10.747	0.200	0.022
10.782	0.200	0.022
10.818	0.200	0.022
10.853	0.200	0.021
10.888	0.200	0.021
10.924	0.200	0.021
10.959	0.200	0.021
10.994	0.200	0.021
11.029	0.200	0.021
11.064	0.200	0.021
11.099	0.200	0.022
11.134	0.200	0.022
11.169	0.200	0.022
11.204	0.200	0.022
11.239	0.200	0.022
11.275	0.200	0.022
11.310	0.200	0.021
11.345	0.200	0.021
11.380	0.200	0.021
11.415	0.200	0.021
11.450	0.200	0.021
11.485	0.200	0.021
11.521	0.200	0.021
11.556	0.200	0.021
11.591	0.200	0.022
11.627	0.200	0.022
11.662	0.200	0.021
11.697	0.200	0.021
11.732	0.200	0.022
11.767	0.200	0.022
11.802	0.200	0.022
11.837	0.200	0.022
11.872	0.200	0.022
11.909	0.200	0.022
11.944	0.200	0.022
11.979	0.200	0.023
12.014	0.200	0.023
12.049	0.200	0.023
12.084	0.200	0.023
12.119	0.200	0.023
12.154	0.200	0.023
12.189	0.200	0.023
12.225	0.200	0.022
12.260	0.200	0.022
12.295	0.200	0.022
