0.000	0.000	0.000
0.035	0.000	0.000
0.070	0.000	0.000
0.105	0.000	0.000
0.141	0.000	0.000
0.176	0.000	0.000
0.212	0.000	0.000
0.247	0.000	0.000
0.282	0.000	0.000
0.318	0.000	0.000
0.353	0.000	0.000
0.388	0.000	0.000
0.423	0.000	0.000
0.458	0.000	0.000
0.494	0.000	0.000
0.529	0.000	0.000
0.565	0.000	0.000
0.600	0.000	0.000
0.636	0.000	0.000
0.671	0.000	0.000
0.706	0.000	0.000
0.741	0.000	0.000
0.776	0.000	0.000
0.812	0.000	0.000
0.847	0.000	0.000
0.882	0.000	0.000
0.917	0.000	0.000
0.952	0.000	0.000
0.987	0.000	0.000
1.022	0.000	0.000
1.057	0.000	0.000
1.092	0.000	0.000
1.127	0.000	0.000
1.162	0.000	0.000
1.197	0.000	0.000
1.232	0.000	0.000
1.267	0.000	0.000
1.302	0.000	0.000
1.338	0.000	0.000
1.374	0.000	0.000
1.409	0.000	0.000
1.445	0.000	0.000
1.480	0.000	0.000
1.515	0.000	0.000
1.550	0.000	0.000
1.585	0.000	0.000
1.620	0.000	0.000
1.655	0.000	0.000
1.690	0.000	0.000
1.725	0.000	0.000
1.760	0.000	0.000
1.795	0.000	0.000
1.830	0.000	0.000
1.866	0.000	0.000
1.901	0.000	0.000
1.936	0.000	0.000
1.971	0.000	0.000
2.006	0.000	0.000
2.041	0.000	0.000
2.076	0.000	0.000
2.111	0.000	0.000
2.146	0.000	0.000
2.181	0.000	0.000
2.217	0.000	0.000
2.252	0.000	0.000
2.287	0.000	0.000
2.322	0.000	0.000
2.357	0.000	0.000
2.392	0.000	0.000
2.427	0.000	0.000
2.463	0.000	0.000
2.498	0.000	0.000
2.534	0.000	0.000
2.569	0.000	0.000
2.604	0.000	0.000
2.640	0.000	0.000
2.675	0.000	0.000
2.710	0.000	0.000
2.745	0.000	0.000
2.780	0.000	0.000
2.816	0.000	0.000
2.851	0.000	0.000
2.888	0.000	0.000
2.924	0.000	0.000
2.959	0.000	0.000
2.994	0.000	0.000
3.029	0.000	0.000
3.064	0.000	0.000
3.100	0.000	0.000
3.135	0.000	0.000
3.171	0.000	0.000
3.206	0.000	0.000
3.242	0.000	0.000
3.277	0.000	0.000
3.312	0.000	0.000
3.347	0.000	0.000
3.382	0.000	0.000
3.417	0.000	0.000
3.452	0.000	0.000
3.487	0.000	0.000
3.522	0.000	0.000
3.557	0.000	0.000
3.592	0.000	0.000
3.627	0.000	0.000
3.662	0.000	0.000
3.697	0.000	0.000
3.733	0.000	0.000
3.768	0.000	0.000
3.803	0.000	0.000
3.839	0.000	0.000
3.874	0.000	0.000
3.909	0.000	0.000
3.944	0.000	0.000
3.980	0.000	0.000
4.015	0.000	0.000
4.050	0.000	0.000
4.085	0.000	0.000
4.121	0.000	0.000
4.156	0.000	0.000
4.191	0.000	0.000
4.226	0.000	0.000
4.261	0.000	0.000
4.296	0.000	0.000
4.331	0.000	0.000
4.366	0.000	0.000
4.401	0.000	0.000
4.436	0.000	0.000
4.471	0.000	0.000
4.506	0.000	0.000
4.541	0.000	0.000
4.576	0.000	0.000
4.611	0.000	0.000
4.646	0.000	0.000
4.681	0.000	0.000
4.716	0.000	0.000
4.751	10.000	0.000
4.786	10.000	0.000
4.821	10.000	0.108
4.856	10.000	0.371
4.891	10.000	0.637
4.926	10.000	0.869
4.961	10.000	1.064
4.996	10.000	1.240
5.031	10.000	1.386
5.066	10.000	1.515
5.101	10.000	1.622
5.136	10.000	1.710
5.171	10.000	1.792
5.206	10.000	1.859
5.241	10.000	1.922
5.276	10.000	1.970
5.312	10.000	2.014
5.347	10.000	2.055
5.382	10.000	2.092
5.419	10.000	2.120
5.455	10.000	2.136
5.491	10.000	2.160
5.526	10.000	2.181
5.562	10.000	2.196
5.597	10.000	2.202
5.633	10.000	2.216
5.668	10.000	2.224
5.703	10.000	2.234
5.738	10.000	2.248
5.774	10.000	2.252
5.809	10.000	2.249
5.844	10.000	2.263
5.880	10.000	2.265
5.915	10.000	2.260
5.951	10.000	2.265
5.986	10.000	2.267
6.021	10.000	2.271
6.057	10.000	2.280
6.092	10.000	2.282
6.128	10.000	2.274
6.163	10.000	2.282
6.198	10.000	2.284
6.233	10.000	2.283
6.269	10.000	2.277
6.305	10.000	2.279
6.340	10.000	2.287
6.375	10.000	2.279
6.410	10.000	2.282
6.445	10.000	2.281
6.480	10.000	2.288
6.515	10.000	2.287
6.550	10.000	2.279
6.585	10.000	2.280
6.621	10.000	2.290
6.657	10.000	2.281
6.694	10.000	2.289
6.729	10.000	2.280
6.764	10.000	2.289
6.799	10.000	2.281
6.834	10.000	2.289
6.869	10.000	2.284
6.904	10.000	2.285
6.939	10.000	2.284
6.975	10.000	2.290
7.011	10.000	2.288
7.046	10.000	2.281
7.081	10.000	2.283
7.116	10.000	2.284
7.152	10.000	2.285
7.187	10.000	2.284
7.223	10.000	2.290
7.258	10.000	2.282
7.293	10.000	2.289
7.328	10.000	2.291
7.363	10.000	2.289
7.399	10.000	2.286
7.435	10.000	2.288
7.471	10.000	2.280
7.506	10.000	2.281
7.541	10.000	2.284
7.576	10.000	2.286
7.611	10.000	2.284
7.646	10.000	2.283
7.682	10.000	2.283
7.717	10.000	2.287
7.752	10.000	2.289
7.787	10.000	2.283
7.822	10.000	2.290
7.858	10.000	2.291
7.893	10.000	2.282
7.929	10.000	2.283
7.964	10.000	2.287
7.999	10.000	2.287
8.034	10.000	2.291
8.069	10.000	2.283
8.105	10.000	2.291
8.140	10.000	2.285
8.175	10.000	2.286
8.210	10.000	2.286
8.246	10.000	2.283
8.281	10.000	2.287
8.316	10.000	2.288
8.351	10.000	2.288
8.387	10.000	2.285
8.422	10.000	2.287
8.457	10.000	2.284
8.492	10.000	2.286
8.527	10.000	2.286
8.562	10.000	2.287
8.598	10.000	2.287
8.633	10.000	2.287
8.669	10.000	2.281
8.704	10.000	2.284
8.739	10.000	2.282
8.774	10.000	2.288
8.810	10.000	2.282
8.845	10.000	2.288
8.880	10.000	2.289
8.916	10.000	2.289
8.951	10.000	2.280
8.986	10.000	2.284
9.021	10.000	2.283
9.056	10.000	2.284
9.091	10.000	2.283
9.126	10.000	2.283
9.161	10.000	2.284
9.197	10.000	2.284
9.232	10.000	2.286
9.267	10.000	2.287
9.302	10.000	2.291
9.338	10.000	2.286
9.373	10.000	2.283
9.408	10.000	2.290
9.443	10.000	2.291
9.478	10.000	2.283
9.513	10.000	2.291
9.549	10.000	2.290
9.584	10.000	2.289
9.619	10.000	2.282
9.654	10.000	2.291
9.689	10.000	2.282
9.724	10.000	2.281
9.760	10.000	2.284
9.795	10.000	2.291
9.830	10.000	2.290
9.865	10.000	2.290
9.900	10.000	2.283
9.935	10.000	2.281
9.970	10.000	2.290
10.005	10.000	2.289
10.041	10.000	2.288
10.077	10.000	2.287
10.112	10.000	2.288
10.147	10.000	2.288
10.182	10.000	2.285
10.217	10.000	2.286
10.253	10.000	2.285
10.288	10.000	2.280
10.323	10.000	2.289
10.358	10.000	2.285
10.393	10.000	2.288
10.429	10.000	2.284
10.464	10.000	2.285
10.500	10.000	2.286
10.535	10.000	2.287
10.571	10.000	2.288
10.606	10.000	2.279
10.641	10.000	2.285
10.676	10.000	2.285
10.711	10.000	2.288
10.746	10.000	2.286
10.782	10.000	2.286
10.817	10.000	2.279
10.853	10.000	2.288
10.889	10.000	2.281
10.924	10.000	2.282
10.959	10.000	2.291
10.994	10.000	2.288
11.029	10.000	2.288
11.065	10.000	2.288
11.101	10.000	2.281
11.136	10.000	2.288
