0.000	0.000	0.000
0.035	0.000	0.000
0.070	0.000	0.000
0.106	0.000	0.000
0.141	0.000	0.000
0.176	0.000	0.000
0.211	0.000	0.000
0.246	0.000	0.000
0.281	0.000	0.000
0.316	0.000	0.000
0.352	0.000	0.000
0.387	0.000	0.000
0.423	0.000	0.000
0.458	0.000	0.000
0.493	0.000	0.000
0.529	0.000	0.000
0.565	0.000	0.000
0.600	0.000	0.000
0.635	0.000	0.000
0.670	0.000	0.000
0.705	0.000	0.000
0.740	0.000	0.000
0.775	0.000	0.000
0.810	0.000	0.000
0.845	0.000	0.000
0.880	0.000	0.000
0.915	0.000	0.000
0.950	0.000	0.000
0.985	0.000	0.000
1.021	0.000	0.000
1.056	0.000	0.000
1.091	0.000	0.000
1.126	0.000	0.000
1.162	0.000	0.000
1.197	0.000	0.000
1.232	0.000	0.000
1.267	0.000	0.000
1.302	0.000	0.000
1.337	0.000	0.000
1.372	0.000	0.000
1.407	0.000	0.000
1.442	0.000	0.000
1.478	0.000	0.000
1.513	0.000	0.000
1.548	0.000	0.000
1.585	0.000	0.000
1.620	0.000	0.000
1.655	0.000	0.000
1.690	0.000	0.000
1.725	0.000	0.000
1.760	0.000	0.000
1.795	0.000	0.000
1.830	0.000	0.000
1.866	0.000	0.000
1.901	0.000	0.000
1.936	0.000	0.000
1.971	0.000	0.000
2.006	0.000	0.000
2.041	0.000	0.000
2.076	0.000	0.000
2.111	0.000	0.000
2.147	0.000	0.000
2.182	0.000	0.000
2.218	0.000	0.000
2.254	0.000	0.000
2.289	0.000	0.000
2.324	0.000	0.000
2.359	0.000	0.000
2.394	0.000	0.000
2.430	0.000	0.000
2.466	0.000	0.000
2.501	0.000	0.000
2.536	0.000	0.000
2.571	0.000	0.000
2.606	0.000	0.000
2.641	0.000	0.000
2.676	0.000	0.000
2.712	0.000	0.000
2.748	0.000	0.000
2.783	0.000	0.000
2.818	0.000	0.000
2.854	0.000	0.000
2.889	0.000	0.000
2.925	0.000	0.000
2.960	0.000	0.000
2.995	0.000	0.000
3.030	0.000	0.000
3.065	0.000	0.000
3.100	0.000	0.000
3.135	0.000	0.000
3.170	0.000	0.000
3.206	0.000	0.000
3.241	0.000	0.000
3.276	0.000	0.000
3.311	0.000	0.000
3.346	0.000	0.000
3.381	0.000	0.000
3.416	0.000	0.000
3.451	0.000	0.000
3.486	0.000	0.000
3.522	0.000	0.000
3.557	0.000	0.000
3.593	0.000	0.000
3.628	0.000	0.000
3.663	0.000	0.000
3.698	0.000	0.000
3.733	0.000	0.000
3.768	0.000	0.000
3.803	0.000	0.000
3.839	0.000	0.000
3.874	0.000	0.000
3.909	0.000	0.000
3.944	0.000	0.000
3.980	0.000	0.000
4.015	0.000	0.000
4.050	0.000	0.000
4.085	0.000	0.000
4.120	0.000	0.000
4.155	0.000	0.000
4.190	0.000	0.000
4.225	0.000	0.000
4.260	0.000	0.000
4.296	0.000	0.000
4.331	0.000	0.000
4.366	0.000	0.000
4.401	0.000	0.000
4.436	0.000	0.000
4.471	0.000	0.000
4.506	0.000	0.000
4.541	0.000	0.000
4.576	0.000	0.000
4.611	0.000	0.000
4.646	0.000	0.000
4.681	0.000	0.000
4.716	0.000	0.000
4.751	0.000	0.000
4.786	0.000	0.000
4.821	0.000	0.000
4.856	0.000	0.000
4.891	0.000	0.000
4.926	0.000	0.000
4.961	0.000	0.000
4.996	0.000	0.000
5.031	0.000	0.000
5.066	0.000	0.000
5.101	0.000	0.000
5.136	0.000	0.000
5.171	0.000	0.000
5.206	0.000	0.000
5.241	0.000	0.000
5.276	0.000	0.000
5.311	0.000	0.000
5.347	0.000	0.000
5.382	0.000	0.000
5.417	0.000	0.000
5.452	0.000	0.000
5.487	0.000	0.000
5.522	0.000	0.000
5.557	0.000	0.000
5.592	0.000	0.000
5.627	0.000	0.000
5.662	0.000	0.000
5.698	0.000	0.000
5.733	0.000	0.000
5.768	0.000	0.000
5.803	0.000	0.000
5.839	0.000	0.000
5.876	0.000	0.000
5.911	0.000	0.000
5.947	0.000	0.000
5.982	0.000	0.000
6.017	0.000	0.000
6.052	0.000	0.000
6.088	0.000	0.000
6.123	0.000	0.000
6.158	0.000	0.000
6.193	0.000	0.000
6.228	0.000	0.000
6.263	0.000	0.000
6.298	0.000	0.000
6.334	0.000	0.000
6.369	0.000	0.000
6.404	0.000	0.000
6.439	0.000	0.000
6.474	0.000	0.000
6.509	0.000	0.000
6.545	0.000	0.000
6.580	0.000	0.000
6.615	0.000	0.000
6.651	0.000	0.000
6.687	0.000	0.000
6.722	0.000	0.000
6.757	0.000	0.000
6.792	0.000	0.000
6.827	0.000	0.000
6.862	0.000	0.000
6.897	0.000	0.000
6.933	0.000	0.000
6.969	0.000	0.000
7.004	0.000	0.000
7.039	0.000	0.000
7.074	0.000	0.000
7.109	0.000	0.000
7.144	0.000	0.000
7.179	0.000	0.000
7.214	0.000	0.000
7.249	0.000	0.000
7.284	0.000	0.000
7.319	0.000	0.000
7.355	0.000	0.000
7.390	0.000	0.000
7.425	0.000	0.000
7.460	0.000	0.000
7.495	0.000	0.000
7.530	0.000	0.000
7.565	0.000	0.000
7.601	0.000	0.000
7.637	0.000	0.000
7.673	0.000	0.000
7.708	0.000	0.000
7.744	0.000	0.000
7.779	0.000	0.000
7.814	0.000	0.000
7.849	0.000	0.000
7.885	0.000	0.000
7.920	0.000	0.000
7.955	0.000	0.000
7.991	0.000	0.000
8.027	0.000	0.000
8.063	0.000	0.000
8.099	0.000	0.000
8.134	0.000	0.000
8.169	0.000	0.000
8.204	0.000	0.000
8.240	0.000	0.000
8.275	0.000	0.000
8.310	0.000	0.000
8.345	0.000	0.000
8.380	0.000	0.000
8.416	0.000	0.000
8.451	0.000	0.000
8.487	0.000	0.000
8.522	0.000	0.000
8.557	0.000	0.000
8.592	0.000	0.000
8.628	0.000	0.000
8.663	0.000	0.000
8.698	0.000	0.000
8.733	0.000	0.000
8.768	0.000	0.000
8.803	0.000	0.000
8.838	0.000	0.000
8.873	0.000	0.000
8.908	0.000	0.000
8.943	0.000	0.000
8.978	0.000	0.000
9.014	0.000	0.000
9.049	0.000	0.000
9.084	0.000	0.000
9.119	0.000	0.000
9.154	0.000	0.000
9.189	0.000	0.000
9.224	0.000	0.000
9.259	0.000	0.000
9.294	0.000	0.000
9.329	0.000	0.000
9.364	0.000	0.000
9.400	0.000	0.000
9.436	0.000	0.000
9.471	0.000	0.000
9.506	0.000	0.000
9.541	0.000	0.000
9.576	0.000	0.000
9.611	0.000	0.000
9.646	0.000	0.000
9.682	0.000	0.000
9.718	0.000	0.000
9.753	0.000	0.000
9.788	0.000	0.000
9.824	0.000	0.000
9.859	0.000	0.000
9.894	0.000	0.000
9.929	0.000	0.000
9.964	0.000	0.000
9.999	0.000	0.000
10.034	0.000	0.000
10.069	0.000	0.000
10.104	0.000	0.000
10.139	0.000	0.000
10.174	0.000	0.000
10.209	0.000	0.000
10.244	0.000	0.000
10.279	0.000	0.000
10.314	0.000	0.000
10.349	0.000	0.000
10.384	0.000	0.000
10.419	0.000	0.000
10.454	0.000	0.000
10.489	0.000	0.000
10.524	0.000	0.000
10.559	0.000	0.000
10.594	0.000	0.000
10.629	0.000	0.000
10.664	0.000	0.000
10.699	0.000	0.000
10.735	0.000	0.000
10.770	0.000	0.000
10.806	0.000	0.000
10.841	0.000	0.000
10.877	0.000	0.000
10.913	0.000	0.000
10.948	0.000	0.000
10.983	0.000	0.000
11.018	0.000	0.000
11.054	0.000	0.000
11.089	0.000	0.000
11.125	0.000	0.000
11.161	0.000	0.000
11.196	0.000	0.000
11.231	0.000	0.000
11.266	0.000	0.000
11.302	0.000	0.000
11.337	0.000	0.000
11.373	0.000	0.000
11.408	0.000	0.000
11.443	0.000	0.000
11.478	0.000	0.000
11.513	0.000	0.000
11.548	0.000	0.000
11.583	0.000	0.000
11.619	0.000	0.000
11.654	0.000	0.000
11.689	0.000	0.000
11.724	0.000	0.000
11.759	0.000	0.000
11.794	0.000	0.000
11.829	0.000	0.000
11.865	0.000	0.000
11.900	0.000	0.000
11.935	0.000	0.000
11.970	0.000	0.000
12.005	0.000	0.000
12.042	0.000	0.000
12.077	0.000	0.000
12.113	0.000	0.000
12.149	0.000	0.000
12.185	0.000	0.000
12.220	0.000	0.000
12.255	0.000	0.000
12.291	0.000	0.000
12.326	0.000	0.000
12.361	0.000	0.000
12.397	0.000	0.000
12.432	0.000	0.000
12.467	0.000	0.000
12.502	0.000	0.000
12.537	0.000	0.000
12.573	0.000	0.000
12.608	0.000	0.000
12.644	0.000	0.000
12.679	0.000	0.000
12.716	0.000	0.000
12.752	0.000	0.000
12.787	0.000	0.000
12.822	0.000	0.000
12.858	0.000	0.000
12.893	0.000	0.000
12.928	0.000	0.000
12.963	0.000	0.000
12.998	0.000	0.000
13.033	0.000	0.000
13.068	0.000	0.000
13.103	0.000	0.000
13.139	0.000	0.000
13.174	0.000	0.000
13.209	0.000	0.000
13.244	-4.000	0.000
13.279	-4.000	0.000
13.314	-4.000	-0.050
13.349	-4.000	-0.156
13.385	-4.000	-0.256
13.420	-4.000	-0.348
13.455	-4.000	-0.425
13.490	-4.000	-0.490
13.525	-4.000	-0.548
13.560	-4.000	-0.596
13.595	-4.000	-0.638
13.632	-4.000	-0.676
13.667	-4.000	-0.706
13.702	-4.000	-0.734
13.738	-4.000	-0.758
13.773	-4.000	-0.776
13.808	-4.000	-0.795
13.843	-4.000	-0.808
13.879	-4.000	-0.824
13.914	-4.000	-0.831
13.949	-4.000	-0.841
13.984	-4.000	-0.850
14.019	-4.000	-0.857
14.054	-4.000	-0.862
14.089	-4.000	-0.869
14.124	-4.000	-0.873
14.159	-4.000	-0.877
14.194	-4.000	-0.881
14.230	-4.000	-0.883
14.265	-4.000	-0.882
14.300	-4.000	-0.885
14.335	-4.000	-0.889
14.371	-4.000	-0.887
14.406	-4.000	-0.890
14.442	-4.000	-0.891
14.477	-4.000	-0.890
14.512	-4.000	-0.893
14.547	-4.000	-0.894
14.582	-4.000	-0.894
14.617	-4.000	-0.895
14.652	-4.000	-0.895
14.687	-4.000	-0.896
14.722	-4.000	-0.896
14.758	-4.000	-0.896
14.793	-4.000	-0.896
14.828	-4.000	-0.897
14.863	-4.000	-0.897
14.898	-4.000	-0.898
14.933	-4.000	-0.897
14.968	-4.000	-0.897
15.003	-4.000	-0.898
15.038	-4.000	-0.898
15.074	-4.000	-0.898
15.109	-4.000	-0.899
15.145	-4.000	-0.900
15.180	-4.000	-0.899
15.215	-4.000	-0.900
15.250	-4.000	-0.898
15.285	-4.000	-0.899
15.320	-4.000	-0.899
15.355	-4.000	-0.899
15.391	-4.000	-0.898
15.427	-4.000	-0.898
15.462	-4.000	-0.899
15.497	-4.000	-0.898
15.532	-4.000	-0.900
15.567	-4.000	-0.901
15.602	-4.000	-0.899
15.637	-4.000	-0.902
15.672	-4.000	-0.898
15.707	-4.000	-0.898
15.743	-4.000	-0.897
15.778	-4.000	-0.897
15.813	-4.000	-0.898
15.848	-4.000	-0.899
15.883	-4.000	-0.898
15.918	-4.000	-0.899
15.953	-4.000	-0.901
15.988	-4.000	-0.899
16.023	-4.000	-0.899
16.058	-4.000	-0.898
16.093	-4.000	-0.900
16.129	-4.000	-0.899
16.165	-4.000	-0.898
16.200	-4.000	-0.898
16.235	-4.000	-0.899
16.270	-4.000	-0.898
16.306	-4.000	-0.899
16.342	-4.000	-0.899
16.377	-4.000	-0.900
16.412	-4.000	-0.900
16.448	-4.000	-0.899
16.483	-4.000	-0.898
16.518	-4.000	-0.901
16.553	-4.000	-0.897
16.588	-4.000	-0.902
16.623	-4.000	-0.899
16.658	-4.000	-0.899
16.693	-4.000	-0.901
16.728	-4.000	-0.900
16.763	-4.000	-0.900
16.798	-4.000	-0.900
16.833	-4.000	-0.899
16.869	-4.000	-0.899
16.904	-4.000	-0.900
16.939	-4.000	-0.900
16.975	-4.000	-0.900
17.011	-4.000	-0.900
17.046	-4.000	-0.898
17.081	-4.000	-0.900
17.116	-4.000	-0.902
17.152	-4.000	-0.900
17.188	-4.000	-0.900
17.224	-4.000	-0.900
17.259	-4.000	-0.900
17.295	-4.000	-0.900
17.330	-4.000	-0.900
17.365	-4.000	-0.899
17.400	-4.000	-0.898
17.435	-4.000	-0.897
17.470	-4.000	-0.899
17.505	-4.000	-0.898
17.540	-4.000	-0.900
17.576	-4.000	-0.901
17.611	-4.000	-0.898
17.646	-4.000	-0.898
17.681	-4.000	-0.899
17.716	-4.000	-0.901
17.752	-4.000	-0.898
17.787	-4.000	-0.898
17.822	-4.000	-0.899
17.857	-4.000	-0.899
17.893	-4.000	-0.899
17.928	-4.000	-0.900
17.963	-4.000	-0.900
18.000	-4.000	-0.900
18.035	-4.000	-0.897
18.070	-4.000	-0.898
18.105	-4.000	-0.899
18.141	-4.000	-0.897
18.176	-4.000	-0.899
18.211	-4.000	-0.899
18.247	-4.000	-0.898
18.282	-4.000	-0.898
18.318	-4.000	-0.898
18.353	-4.000	-0.896
18.388	-4.000	-0.896
18.423	-4.000	-0.897
18.458	-4.000	-0.900
18.493	-4.000	-0.897
18.528	-4.000	-0.898
18.563	-4.000	-0.898
18.598	-4.000	-0.898
18.633	-4.000	-0.899
18.668	-4.000	-0.899
18.703	-4.000	-0.899
18.738	-4.000	-0.899
18.773	-4.000	-0.899
18.809	-4.000	-0.900
18.844	-4.000	-0.897
18.879	-4.000	-0.898
18.916	-4.000	-0.899
18.951	-4.000	-0.897
18.986	-4.000	-0.899
19.021	-4.000	-0.899
19.057	-4.000	-0.899
19.092	-4.000	-0.901
19.127	-4.000	-0.901
19.162	-4.000	-0.899
19.197	-4.000	-0.899
19.233	-4.000	-0.901
19.268	-4.000	-0.898
19.303	-4.000	-0.899
19.338	-4.000	-0.899
19.374	-4.000	-0.899
19.409	-4.000	-0.899
19.444	-4.000	-0.900
19.479	-4.000	-0.901
19.514	-4.000	-0.900
19.549	-4.000	-0.901
19.584	-4.000	-0.900
19.619	-4.000	-0.901
19.654	-4.000	-0.898
19.689	-4.000	-0.899
19.726	-4.000	-0.898
19.762	-4.000	-0.897
19.798	-4.000	-0.898
19.833	-4.000	-0.899
19.869	-4.000	-0.900
19.905	-4.000	-0.897
19.940	-4.000	-0.901
19.975	-4.000	-0.900
20.010	-4.000	-0.898
20.045	-4.000	-0.899
20.081	-4.000	-0.898
20.116	-4.000	-0.898
20.151	-4.000	-0.898
20.187	-4.000	-0.897
20.222	-4.000	-0.899
20.257	-4.000	-0.898
20.292	-4.000	-0.898
20.327	-4.000	-0.898
20.362	-4.000	-0.899
20.397	-4.000	-0.898
20.433	-4.000	-0.898
20.468	-4.000	-0.900
20.504	-4.000	-0.900
20.539	-4.000	-0.897
20.574	-4.000	-0.897
20.609	-4.000	-0.898
20.644	-4.000	-0.897
20.680	-4.000	-0.898
20.715	-4.000	-0.899
20.750	-4.000	-0.897
20.785	-4.000	-0.897
20.820	-4.000	-0.896
20.856	-4.000	-0.897
20.891	-4.000	-0.897
20.926	-4.000	-0.897
20.961	-4.000	-0.897
20.996	-4.000	-0.899
21.031	-4.000	-0.899
21.066	-4.000	-0.900
21.101	-4.000	-0.898
21.136	-4.000	-0.901
21.171	-4.000	-0.899
21.206	-4.000	-0.900
21.241	-4.000	-0.899
21.276	-4.000	-0.901
21.311	-4.000	-0.899
21.346	-4.000	-0.901
21.381	-4.000	-0.900
21.416	-4.000	-0.901
21.451	-4.000	-0.901
21.486	-4.000	-0.900
21.521	-4.000	-0.900
21.556	-4.000	-0.901
21.591	-4.000	-0.899
21.627	-4.000	-0.900
21.663	-4.000	-0.899
21.698	-4.000	-0.898
21.733	-4.000	-0.900
21.769	-4.000	-0.900
21.804	-4.000	-0.901
21.839	-4.000	-0.902
21.874	-4.000	-0.898
21.909	-4.000	-0.899
21.945	-4.000	-0.898
21.980	-4.000	-0.899
22.015	-4.000	-0.899
22.050	-4.000	-0.899
22.085	-4.000	-0.899
22.120	-4.000	-0.898
22.155	-4.000	-0.899
22.190	-4.000	-0.897
22.225	-4.000	-0.900
22.260	-4.000	-0.900
22.295	-4.000	-0.897
22.330	-4.000	-0.897
22.365	-4.000	-0.898
22.400	-4.000	-0.897
22.436	-4.000	-0.898
22.471	-4.000	-0.898
22.507	-4.000	-0.898
22.542	-4.000	-0.896
22.577	-4.000	-0.897
22.612	-4.000	-0.899
22.647	-4.000	-0.898
22.682	-4.000	-0.895
22.717	-4.000	-0.897
22.752	-4.000	-0.898
22.787	-4.000	-0.898
22.822	-4.000	-0.896
22.857	-4.000	-0.896
22.892	-4.000	-0.897
22.927	-4.000	-0.897
22.962	-4.000	-0.896
22.998	-4.000	-0.896
23.033	-4.000	-0.897
