0.000	0.000	0.000
0.035	0.000	0.000
0.070	0.000	0.000
0.106	0.000	0.000
0.141	0.000	0.000
0.176	0.000	0.000
0.211	0.000	0.000
0.246	0.000	0.000
0.281	0.000	0.000
0.316	0.000	0.000
0.351	0.000	0.000
0.386	0.000	0.000
0.421	0.000	0.000
0.456	0.000	0.000
0.491	0.000	0.000
0.526	0.000	0.000
0.561	0.000	0.000
0.596	0.000	0.000
0.631	0.000	0.000
0.667	0.000	0.000
0.702	0.000	0.000
0.737	0.000	0.000
0.772	0.000	0.000
0.807	0.000	0.000
0.842	0.000	0.000
0.909	0.000	0.000
0.944	0.000	0.000
0.979	0.000	0.000
1.014	0.000	0.000
1.049	0.000	0.000
1.084	0.000	0.000
1.119	0.000	0.000
1.154	0.000	0.000
1.189	0.000	0.000
1.224	0.000	0.000
1.259	0.000	0.000
1.295	0.000	0.000
1.330	0.000	0.000
1.365	0.000	0.000
1.400	0.000	0.000
1.435	0.000	0.000
1.471	0.000	0.000
1.506	0.000	0.000
1.541	0.000	0.000
1.576	0.000	0.000
1.611	0.000	0.000
1.646	0.000	0.000
1.681	0.000	0.000
1.716	0.000	0.000
1.751	0.000	0.000
1.786	0.000	0.000
1.821	0.000	0.000
1.857	0.000	0.000
1.892	0.000	0.000
1.927	0.000	0.000
1.963	0.000	0.000
1.999	0.000	0.000
2.034	0.000	0.000
2.069	0.000	0.000
2.104	0.000	0.000
2.139	0.000	0.000
2.174	0.000	0.000
2.209	0.000	0.000
2.245	0.000	0.000
2.280	0.000	0.000
2.316	0.000	0.000
2.351	0.000	0.000
2.386	0.000	0.000
2.421	0.000	0.000
2.456	0.000	0.000
2.491	0.000	0.000
2.527	0.000	0.000
2.562	0.000	0.000
2.597	0.000	0.000
2.632	0.000	0.000
2.667	0.000	0.000
2.702	0.000	0.000
2.737	0.000	0.000
2.772	0.000	0.000
2.808	0.000	0.000
2.843	0.000	0.000
2.878	0.000	0.000
2.914	0.000	0.000
2.950	0.000	0.000
2.985	0.000	0.000
3.020	0.000	0.000
3.055	0.000	0.000
3.090	0.000	0.000
3.126	0.000	0.000
3.161	0.000	0.000
3.196	0.000	0.000
3.231	0.000	0.000
3.266	0.000	0.000
3.302	0.000	0.000
3.337	0.000	0.000
3.372	0.000	0.000
3.407	0.000	0.000
3.442	0.000	0.000
3.477	0.000	0.000
3.513	0.000	0.000
3.548	0.000	0.000
3.583	0.000	0.000
3.618	0.000	0.000
3.654	0.000	0.000
3.689	0.000	0.000
3.724	0.000	0.000
3.759	0.000	0.000
3.795	0.000	0.000
3.830	0.000	0.000
3.865	0.000	0.000
3.900	0.000	0.000
3.935	0.000	0.000
3.970	0.000	0.000
4.006	0.000	0.000
4.041	0.000	0.000
4.076	0.000	0.000
4.111	0.000	0.000
4.146	0.000	0.000
4.182	0.000	0.000
4.217	0.000	0.000
4.253	0.000	0.000
4.288	0.000	0.000
4.323	0.000	0.000
4.358	0.000	0.000
4.393	0.000	0.000
4.428	0.000	0.000
4.463	0.000	0.000
4.498	0.000	0.000
4.534	0.000	0.000
4.569	0.000	0.000
4.605	0.000	0.000
4.640	0.000	0.000
4.675	0.000	0.000
4.710	0.000	0.000
4.746	0.000	0.000
4.781	0.000	0.000
4.817	0.000	0.000
4.852	0.000	0.000
4.887	0.000	0.000
4.922	0.000	0.000
4.957	0.000	0.000
4.992	0.000	0.000
5.028	0.000	0.000
5.063	0.000	0.000
5.098	0.000	0.000
5.133	0.000	0.000
5.168	0.000	0.000
5.203	0.000	0.000
5.238	0.000	0.000
5.273	0.000	0.000
5.308	0.000	0.000
5.343	0.000	0.000
5.378	0.000	0.000
5.413	0.000	0.000
5.448	0.000	0.000
5.483	0.000	0.000
5.518	0.000	0.000
5.554	0.000	0.000
5.589	0.000	0.000
5.624	0.000	0.000
5.660	0.000	0.000
5.696	0.000	0.000
5.731	0.000	0.000
5.767	0.000	0.000
5.802	0.000	0.000
5.837	0.000	0.000
5.872	0.000	0.000
5.907	0.000	0.000
5.942	0.000	0.000
5.977	0.000	0.000
6.013	0.000	0.000
6.049	0.000	0.000
6.084	0.000	0.000
6.119	0.000	0.000
6.154	0.000	0.000
6.190	0.000	0.000
6.226	0.000	0.000
6.261	0.000	0.000
6.296	0.000	0.000
6.331	0.000	0.000
6.366	0.000	0.000
6.401	0.000	0.000
6.436	0.000	0.000
6.471	0.000	0.000
6.506	0.000	0.000
6.541	0.000	0.000
6.577	0.000	0.000
6.612	0.000	0.000
6.648	0.000	0.000
6.683	0.000	0.000
6.718	0.000	0.000
6.754	0.000	0.000
6.790	0.000	0.000
6.825	0.000	0.000
6.860	0.000	0.000
6.895	0.000	0.000
6.930	0.000	0.000
6.965	0.000	0.000
7.000	0.000	0.000
7.035	0.000	0.000
7.070	0.000	0.000
7.105	0.000	0.000
7.140	0.000	0.000
7.175	0.000	0.000
7.211	0.000	0.000
7.246	0.000	0.000
7.281	0.000	0.000
7.317	0.000	0.000
7.352	0.000	0.000
7.387	0.000	0.000
7.423	0.000	0.000
7.458	0.000	0.000
7.494	0.000	0.000
7.529	0.000	0.000
7.564	0.000	0.000
7.599	0.000	0.000
7.634	0.000	0.000
7.669	0.000	0.000
7.704	0.000	0.000
7.739	0.000	0.000
7.775	0.000	0.000
7.810	0.000	0.000
7.845	0.000	0.000
7.880	0.000	0.000
7.915	0.000	0.000
7.950	0.000	0.000
7.985	0.000	0.000
8.020	0.000	0.000
8.055	0.000	0.000
8.090	0.000	0.000
8.125	0.000	0.000
8.161	0.000	0.000
8.196	0.000	0.000
8.231	0.000	0.000
8.266	0.000	0.000
8.301	0.000	0.000
8.336	0.000	0.000
8.371	0.000	0.000
8.406	0.000	0.000
8.441	0.000	0.000
8.476	0.000	0.000
8.511	0.000	0.000
8.547	0.000	0.000
8.582	0.000	0.000
8.617	0.000	0.000
8.653	0.000	0.000
8.688	0.000	0.000
8.723	0.000	0.000
8.758	0.000	0.000
8.793	0.000	0.000
8.828	0.000	0.000
8.863	0.000	0.000
8.898	0.000	0.000
8.933	0.000	0.000
8.968	0.000	0.000
9.004	0.000	0.000
9.039	0.000	0.000
9.074	0.000	0.000
9.109	0.000	0.000
9.144	0.000	0.000
9.179	0.000	0.000
9.214	0.000	0.000
9.249	0.000	0.000
9.284	0.000	0.000
9.319	0.000	0.000
9.355	0.000	0.000
9.390	0.000	0.000
9.425	0.000	0.000
9.460	4.000	0.000
9.495	4.000	0.000
9.530	4.000	0.060
9.565	4.000	0.166
9.600	4.000	0.267
9.636	4.000	0.355
9.671	4.000	0.432
9.706	4.000	0.498
9.741	4.000	0.554
9.777	4.000	0.602
9.812	4.000	0.646
9.847	4.000	0.680
9.882	4.000	0.710
9.917	4.000	0.737
9.952	4.000	0.758
9.987	4.000	0.777
10.022	4.000	0.794
10.057	4.000	0.808
10.093	4.000	0.820
10.128	4.000	0.833
10.163	4.000	0.842
10.198	4.000	0.849
10.233	4.000	0.855
10.268	4.000	0.861
10.303	4.000	0.866
10.338	4.000	0.870
10.373	4.000	0.873
10.409	4.000	0.876
10.444	4.000	0.879
10.479	4.000	0.884
10.514	4.000	0.886
10.549	4.000	0.887
10.584	4.000	0.888
10.620	4.000	0.889
10.656	4.000	0.890
10.691	4.000	0.890
10.726	4.000	0.892
10.761	4.000	0.891
10.796	4.000	0.892
10.831	4.000	0.892
10.866	4.000	0.892
10.901	4.000	0.896
10.936	4.000	0.896
10.971	4.000	0.896
11.006	4.000	0.895
11.041	4.000	0.895
11.076	4.000	0.895
11.111	4.000	0.894
11.146	4.000	0.894
11.181	4.000	0.894
11.216	4.000	0.894
11.251	4.000	0.898
11.286	4.000	0.897
11.321	4.000	0.896
11.356	4.000	0.896
11.391	4.000	0.896
11.426	4.000	0.895
11.461	4.000	0.894
11.496	4.000	0.894
11.531	4.000	0.894
11.566	4.000	0.894
11.601	4.000	0.894
11.636	4.000	0.895
11.671	4.000	0.894
11.706	4.000	0.894
11.741	4.000	0.893
11.777	4.000	0.896
11.812	4.000	0.896
11.847	4.000	0.896
11.882	4.000	0.895
11.917	4.000	0.894
11.952	4.000	0.893
11.987	4.000	0.893
12.022	4.000	0.892
12.058	4.000	0.892
12.093	4.000	0.896
12.128	4.000	0.896
12.163	4.000	0.894
12.198	4.000	0.893
12.233	4.000	0.895
12.268	4.000	0.895
12.303	4.000	0.894
12.339	4.000	0.894
12.374	4.000	0.897
12.409	4.000	0.896
12.444	4.000	0.893
12.480	4.000	0.896
12.515	4.000	0.896
12.550	4.000	0.896
12.586	4.000	0.896
12.621	4.000	0.897
12.656	4.000	0.896
12.691	4.000	0.893
12.726	4.000	0.893
12.761	4.000	0.896
12.796	4.000	0.896
12.832	4.000	0.894
12.868	4.000	0.894
12.903	4.000	0.896
12.938	4.000	0.895
12.973	4.000	0.895
13.008	4.000	0.894
13.043	4.000	0.896
13.078	4.000	0.894
13.113	4.000	0.893
13.148	4.000	0.894
13.183	4.000	0.893
13.218	4.000	0.893
13.253	4.000	0.893
13.288	4.000	0.892
13.323	4.000	0.894
13.358	4.000	0.893
13.393	4.000	0.893
13.428	4.000	0.893
13.463	4.000	0.892
13.499	4.000	0.895
13.534	4.000	0.895
13.570	4.000	0.893
13.605	4.000	0.893
13.640	4.000	0.893
13.676	4.000	0.894
13.711	4.000	0.895
13.746	4.000	0.894
13.781	4.000	0.893
13.816	4.000	0.892
13.851	4.000	0.894
13.886	4.000	0.893
13.922	4.000	0.893
13.957	4.000	0.894
13.993	4.000	0.892
14.028	4.000	0.893
14.064	4.000	0.893
14.099	4.000	0.896
14.134	4.000	0.893
14.169	4.000	0.894
14.205	4.000	0.892
14.240	4.000	0.892
14.275	4.000	0.894
