0.000	0.000	0.000
0.035	0.000	0.000
0.071	0.000	0.000
0.106	0.000	0.000
0.141	0.000	0.000
0.176	0.000	0.000
0.211	0.000	0.000
0.246	0.000	0.000
0.281	0.000	0.000
0.316	0.000	0.000
0.351	0.000	0.000
0.386	0.000	0.000
0.421	0.000	0.000
0.456	0.000	0.000
0.491	0.000	0.000
0.526	0.000	0.000
0.562	0.000	0.000
0.597	0.000	0.000
0.632	0.000	0.000
0.667	0.000	0.000
0.702	0.000	0.000
0.737	0.000	0.000
0.772	0.000	0.000
0.807	0.000	0.000
0.842	0.000	0.000
0.877	0.000	0.000
0.912	0.000	0.000
0.947	0.000	0.000
0.982	0.000	0.000
1.017	0.000	0.000
1.053	0.000	0.000
1.088	0.000	0.000
1.124	0.000	0.000
1.159	0.000	0.000
1.194	0.000	0.000
1.229	0.000	0.000
1.265	0.000	0.000
1.300	0.000	0.000
1.337	0.000	0.000
1.372	0.000	0.000
1.407	0.000	0.000
1.442	0.000	0.000
1.477	0.000	0.000
1.513	0.000	0.000
1.548	0.000	0.000
1.583	0.000	0.000
1.618	0.000	0.000
1.653	0.000	0.000
1.688	0.000	0.000
1.723	0.000	0.000
1.758	0.000	0.000
1.793	0.000	0.000
1.828	0.000	0.000
1.863	0.000	0.000
1.898	0.000	0.000
1.934	0.000	0.000
1.969	0.000	0.000
2.004	0.000	0.000
2.039	0.000	0.000
2.074	0.000	0.000
2.109	0.000	0.000
2.145	0.000	0.000
2.181	0.000	0.000
2.217	0.000	0.000
2.253	0.000	0.000
2.288	0.000	0.000
2.323	0.000	0.000
2.358	0.000	0.000
2.393	0.000	0.000
2.428	0.000	0.000
2.463	0.000	0.000
2.498	0.000	0.000
2.534	0.000	0.000
2.569	0.000	0.000
2.604	0.000	0.000
2.639	0.000	0.000
2.675	0.000	0.000
2.710	0.000	0.000
2.745	0.000	0.000
2.780	0.000	0.000
2.816	0.000	0.000
2.851	0.000	0.000
2.886	0.000	0.000
2.921	0.000	0.000
2.956	0.000	0.000
2.991	0.000	0.000
3.026	0.000	0.000
3.061	0.000	0.000
3.096	0.000	0.000
3.132	0.000	0.000
3.167	0.000	0.000
3.202	0.000	0.000
3.237	0.000	0.000
3.272	0.000	0.000
3.307	0.000	0.000
3.344	0.000	0.000
3.379	0.000	0.000
3.415	0.000	0.000
3.450	0.000	0.000
3.485	0.000	0.000
3.520	0.000	0.000
3.555	0.000	0.000
3.590	0.000	0.000
3.625	0.000	0.000
3.660	0.000	0.000
3.695	0.000	0.000
3.730	0.000	0.000
3.765	0.000	0.000
3.800	0.000	0.000
3.836	0.000	0.000
3.871	0.000	0.000
3.906	0.000	0.000
3.942	0.000	0.000
3.978	0.000	0.000
4.014	0.000	0.000
4.049	0.000	0.000
4.085	0.000	0.000
4.120	0.000	0.000
4.155	0.000	0.000
4.190	0.000	0.000
4.225	0.000	0.000
4.260	0.000	0.000
4.295	0.000	0.000
4.331	0.000	0.000
4.366	0.000	0.000
4.401	0.000	0.000
4.436	0.000	0.000
4.471	0.000	0.000
4.506	0.000	0.000
4.541	0.000	0.000
4.576	0.000	0.000
4.611	0.000	0.000
4.646	0.000	0.000
4.681	0.000	0.000
4.716	0.000	0.000
4.751	0.000	0.000
4.786	0.000	0.000
4.821	0.000	0.000
4.856	0.000	0.000
4.891	0.000	0.000
4.926	0.000	0.000
4.962	0.000	0.000
4.997	0.000	0.000
5.032	0.000	0.000
5.067	0.000	0.000
5.102	0.000	0.000
5.137	0.000	0.000
5.172	0.000	0.000
5.208	0.000	0.000
5.243	0.000	0.000
5.278	0.000	0.000
5.313	0.000	0.000
5.348	0.000	0.000
5.383	0.000	0.000
5.418	0.000	0.000
5.453	0.000	0.000
5.488	0.000	0.000
5.523	0.000	0.000
5.558	0.000	0.000
5.594	0.000	0.000
5.629	0.000	0.000
5.665	0.000	0.000
5.700	0.000	0.000
5.735	0.000	0.000
5.770	0.000	0.000
5.806	0.000	0.000
5.842	0.000	0.000
5.878	0.000	0.000
5.913	0.000	0.000
5.948	0.000	0.000
5.983	0.000	0.000
6.018	0.000	0.000
6.053	0.000	0.000
6.088	0.000	0.000
6.124	0.000	0.000
6.160	0.000	0.000
6.195	0.000	0.000
6.230	0.000	0.000
6.266	0.000	0.000
6.301	0.000	0.000
6.336	0.000	0.000
6.371	0.000	0.000
6.406	0.000	0.000
6.441	0.000	0.000
6.476	0.000	0.000
6.512	0.000	0.000
6.547	0.000	0.000
6.583	0.000	0.000
6.618	0.000	0.000
6.655	0.000	0.000
6.690	0.000	0.000
6.726	0.000	0.000
6.761	0.000	0.000
6.796	0.000	0.000
6.831	0.000	0.000
6.867	0.000	0.000
6.903	0.000	0.000
6.938	0.000	0.000
6.973	0.000	0.000
7.008	0.000	0.000
7.043	0.000	0.000
7.078	0.000	0.000
7.113	0.000	0.000
7.148	0.000	0.000
7.184	0.000	0.000
7.219	0.000	0.000
7.254	0.000	0.000
7.289	0.000	0.000
7.325	0.000	0.000
7.361	0.000	0.000
7.397	0.000	0.000
7.432	0.000	0.000
7.467	0.000	0.000
7.502	0.000	0.000
7.537	0.000	0.000
7.573	0.000	0.000
7.609	0.000	0.000
7.645	0.000	0.000
7.681	0.000	0.000
7.717	0.000	0.000
7.753	0.000	0.000
7.788	0.000	0.000
7.824	0.000	0.000
7.859	0.000	0.000
7.895	0.000	0.000
7.930	0.000	0.000
7.966	0.000	0.000
8.001	0.000	0.000
8.036	0.000	0.000
8.072	0.000	0.000
8.107	0.000	0.000
8.142	0.000	0.000
8.178	0.000	0.000
8.213	0.000	0.000
8.248	0.000	0.000
8.284	0.000	0.000
8.320	0.000	0.000
8.356	0.000	0.000
8.391	0.000	0.000
8.426	0.000	0.000
8.461	0.000	0.000
8.496	0.000	0.000
8.531	0.000	0.000
8.566	0.000	0.000
8.601	0.000	0.000
8.636	0.000	0.000
8.671	0.000	0.000
8.706	0.000	0.000
8.741	0.000	0.000
8.776	0.000	0.000
8.811	-2.000	0.000
8.846	-2.000	0.000
8.881	-2.000	-0.026
8.916	-2.000	-0.078
8.951	-2.000	-0.128
8.986	-2.000	-0.172
9.021	-2.000	-0.208
9.056	-2.000	-0.242
9.091	-2.000	-0.269
9.126	-2.000	-0.292
9.161	-2.000	-0.312
9.197	-2.000	-0.330
9.232	-2.000	-0.345
9.267	-2.000	-0.360
9.303	-2.000	-0.369
9.338	-2.000	-0.379
9.374	-2.000	-0.387
9.409	-2.000	-0.394
9.444	-2.000	-0.401
9.479	-2.000	-0.407
9.515	-2.000	-0.411
9.550	-2.000	-0.415
9.585	-2.000	-0.417
9.620	-2.000	-0.420
9.655	-2.000	-0.424
9.690	-2.000	-0.426
9.725	-2.000	-0.428
9.760	-2.000	-0.430
9.796	-2.000	-0.431
9.831	-2.000	-0.433
9.866	-2.000	-0.433
9.901	-2.000	-0.433
9.936	-2.000	-0.434
9.971	-2.000	-0.434
10.007	-2.000	-0.437
10.043	-2.000	-0.436
10.078	-2.000	-0.436
10.114	-2.000	-0.437
10.149	-2.000	-0.436
10.184	-2.000	-0.437
10.219	-2.000	-0.438
10.254	-2.000	-0.439
10.290	-2.000	-0.439
10.325	-2.000	-0.440
10.360	-2.000	-0.439
10.396	-2.000	-0.438
10.432	-2.000	-0.438
10.467	-2.000	-0.438
10.503	-2.000	-0.438
10.538	-2.000	-0.438
10.573	-2.000	-0.438
10.608	-2.000	-0.439
10.643	-2.000	-0.439
10.678	-2.000	-0.439
10.713	-2.000	-0.439
10.749	-2.000	-0.439
10.784	-2.000	-0.439
10.819	-2.000	-0.439
10.854	-2.000	-0.439
10.889	-2.000	-0.439
10.924	-2.000	-0.439
10.960	-2.000	-0.439
10.997	-2.000	-0.439
11.033	-2.000	-0.438
11.068	-2.000	-0.438
11.103	-2.000	-0.440
11.138	-2.000	-0.439
11.173	-2.000	-0.439
11.208	-2.000	-0.440
11.243	-2.000	-0.438
11.278	-2.000	-0.440
11.313	-2.000	-0.439
11.348	-2.000	-0.439
11.383	-2.000	-0.439
11.418	-2.000	-0.439
11.454	-2.000	-0.438
11.489	-2.000	-0.438
11.525	-2.000	-0.438
11.560	-2.000	-0.439
11.595	-2.000	-0.438
11.631	-2.000	-0.438
11.666	-2.000	-0.438
11.701	-2.000	-0.438
11.736	-2.000	-0.438
11.771	-2.000	-0.438
11.806	-2.000	-0.438
11.841	-2.000	-0.437
11.876	-2.000	-0.438
11.911	-2.000	-0.438
11.946	-2.000	-0.438
11.982	-2.000	-0.438
12.018	-2.000	-0.438
12.053	-2.000	-0.437
12.089	-2.000	-0.438
12.124	-2.000	-0.436
12.159	-2.000	-0.438
12.194	-2.000	-0.438
12.229	-2.000	-0.437
12.264	-2.000	-0.437
12.299	-2.000	-0.437
12.335	-2.000	-0.439
12.370	-2.000	-0.436
12.405	-2.000	-0.438
12.440	-2.000	-0.438
12.475	-2.000	-0.437
12.510	-2.000	-0.437
12.546	-2.000	-0.437
12.582	-2.000	-0.437
12.617	-2.000	-0.438
12.653	-2.000	-0.437
12.688	-2.000	-0.437
12.723	-2.000	-0.439
12.759	-2.000	-0.439
12.794	-2.000	-0.437
12.829	-2.000	-0.438
12.865	-2.000	-0.438
12.900	-2.000	-0.436
12.935	-2.000	-0.437
12.970	-2.000	-0.438
13.005	-2.000	-0.438
13.040	-2.000	-0.438
13.075	-2.000	-0.437
13.110	-2.000	-0.438
13.145	-2.000	-0.438
13.182	-2.000	-0.438
13.218	-2.000	-0.437
13.253	-2.000	-0.438
13.288	-2.000	-0.438
13.323	-2.000	-0.438
13.358	-2.000	-0.438
13.394	-2.000	-0.438
13.429	-2.000	-0.439
13.465	-2.000	-0.439
13.500	-2.000	-0.438
13.535	-2.000	-0.439
13.570	-2.000	-0.439
13.605	-2.000	-0.440
13.640	-2.000	-0.438
13.676	-2.000	-0.440
13.711	-2.000	-0.439
13.746	-2.000	-0.439
13.782	-2.000	-0.439
13.817	-2.000	-0.439
13.853	-2.000	-0.438
13.888	-2.000	-0.438
13.924	-2.000	-0.438
13.959	-2.000	-0.438
13.994	-2.000	-0.439
14.029	-2.000	-0.439
14.065	-2.000	-0.440
14.102	-2.000	-0.438
14.137	-2.000	-0.438
14.172	-2.000	-0.439
14.207	-2.000	-0.440
14.242	-2.000	-0.440
14.278	-2.000	-0.440
14.313	-2.000	-0.439
14.348	-2.000	-0.438
14.383	-2.000	-0.439
14.418	-2.000	-0.438
14.453	-2.000	-0.439
14.488	-2.000	-0.438
14.524	-2.000	-0.439
14.560	-2.000	-0.438
