0.000	0.000	0.000
0.035	0.000	0.000
0.070	0.000	0.000
0.105	0.000	0.000
0.140	0.000	0.000
0.175	0.000	0.000
0.210	0.000	0.000
0.246	0.000	0.000
0.281	0.000	0.000
0.316	0.000	0.000
0.351	0.000	0.000
0.386	0.000	0.000
0.421	0.000	0.000
0.456	0.000	0.000
0.491	0.000	0.000
0.526	0.000	0.000
0.561	0.000	0.000
0.596	0.000	0.000
0.632	0.000	0.000
0.668	0.000	0.000
0.703	0.000	0.000
0.738	0.000	0.000
0.773	0.000	0.000
0.809	0.000	0.000
0.844	0.000	0.000
0.879	0.000	0.000
0.914	0.000	0.000
0.949	0.000	0.000
0.985	0.000	0.000
1.020	0.000	0.000
1.055	0.000	0.000
1.090	0.000	0.000
1.125	0.000	0.000
1.160	0.000	0.000
1.195	0.000	0.000
1.230	0.000	0.000
1.265	0.000	0.000
1.300	0.000	0.000
1.335	0.000	0.000
1.370	0.000	0.000
1.405	0.000	0.000
1.440	0.000	0.000
1.475	0.000	0.000
1.510	0.000	0.000
1.545	0.000	0.000
1.580	0.000	0.000
1.615	0.000	0.000
1.650	0.000	0.000
1.685	0.000	0.000
1.720	0.000	0.000
1.755	0.000	0.000
1.790	0.000	0.000
1.825	0.000	0.000
1.860	0.000	0.000
1.895	0.000	0.000
1.931	0.000	0.000
1.966	0.000	0.000
2.001	0.000	0.000
2.036	0.000	0.000
2.071	0.000	0.000
2.106	0.000	0.000
2.141	0.000	0.000
2.177	0.000	0.000
2.212	0.000	0.000
2.248	0.000	0.000
2.283	0.000	0.000
2.318	0.000	0.000
2.354	0.000	0.000
2.389	0.000	0.000
2.424	0.000	0.000
2.459	0.000	0.000
2.494	0.000	0.000
2.529	0.000	0.000
2.564	0.000	0.000
2.599	0.000	0.000
2.634	0.000	0.000
2.669	0.000	0.000
2.704	0.000	0.000
2.739	0.000	0.000
2.774	0.000	0.000
2.810	0.000	0.000
2.845	0.000	0.000
2.880	0.000	0.000
2.915	0.000	0.000
2.950	0.000	0.000
2.985	0.000	0.000
3.020	0.000	0.000
3.055	0.000	0.000
3.090	0.000	0.000
3.125	0.000	0.000
3.160	0.000	0.000
3.195	0.000	0.000
3.230	0.000	0.000
3.265	0.000	0.000
3.300	0.000	0.000
3.335	0.000	0.000
3.371	0.000	0.000
3.407	0.000	0.000
3.442	0.000	0.000
3.477	0.000	0.000
3.512	0.000	0.000
3.547	0.000	0.000
3.582	0.000	0.000
3.617	0.000	0.000
3.652	0.000	0.000
3.687	0.000	0.000
3.722	0.000	0.000
3.757	0.000	0.000
3.792	0.000	0.000
3.827	0.000	0.000
3.862	0.000	0.000
3.897	0.000	0.000
3.932	0.000	0.000
3.967	0.000	0.000
4.002	0.000	0.000
4.038	0.000	0.000
4.073	0.000	0.000
4.109	0.000	0.000
4.144	0.000	0.000
4.179	0.000	0.000
4.214	0.000	0.000
4.249	0.000	0.000
4.284	0.000	0.000
4.319	0.000	0.000
4.354	0.000	0.000
4.389	0.000	0.000
4.424	0.000	0.000
4.459	0.000	0.000
4.495	0.000	0.000
4.530	0.000	0.000
4.565	0.000	0.000
4.600	0.000	0.000
4.635	0.000	0.000
4.670	0.000	0.000
4.705	0.000	0.000
4.741	0.000	0.000
4.776	0.000	0.000
4.811	0.000	0.000
4.846	0.000	0.000
4.881	0.000	0.000
4.917	0.000	0.000
4.952	0.000	0.000
4.987	0.000	0.000
5.022	0.000	0.000
5.057	0.000	0.000
5.092	0.000	0.000
5.127	0.000	0.000
5.162	0.000	0.000
5.197	0.000	0.000
5.232	0.000	0.000
5.267	0.000	0.000
5.302	0.000	0.000
5.337	0.000	0.000
5.373	0.000	0.000
5.409	0.000	0.000
5.445	0.000	0.000
5.481	0.000	0.000
5.517	0.000	0.000
5.552	0.000	0.000
5.587	0.000	0.000
5.622	0.000	0.000
5.657	0.000	0.000
5.693	0.000	0.000
5.728	0.000	0.000
5.763	0.000	0.000
5.798	0.000	0.000
5.833	0.000	0.000
5.868	0.000	0.000
5.903	0.000	0.000
5.939	0.000	0.000
5.975	0.000	0.000
6.010	0.000	0.000
6.045	0.000	0.000
6.080	0.000	0.000
6.115	0.000	0.000
6.151	0.000	0.000
6.186	0.000	0.000
6.221	0.000	0.000
6.257	0.000	0.000
6.293	0.000	0.000
6.328	0.000	0.000
6.363	0.000	0.000
6.399	0.000	0.000
6.434	0.000	0.000
6.469	0.000	0.000
6.505	0.000	0.000
6.541	0.000	0.000
6.576	0.000	0.000
6.611	0.000	0.000
6.646	0.000	0.000
6.681	0.000	0.000
6.716	0.000	0.000
6.751	0.000	0.000
6.786	0.000	0.000
6.821	0.000	0.000
6.856	0.000	0.000
6.891	0.000	0.000
6.926	0.000	0.000
6.961	0.000	0.000
6.996	0.000	0.000
7.032	0.000	0.000
7.067	0.000	0.000
7.103	0.000	0.000
7.138	0.000	0.000
7.173	0.000	0.000
7.208	0.000	0.000
7.243	0.000	0.000
7.278	0.000	0.000
7.314	0.000	0.000
7.349	0.000	0.000
7.385	0.000	0.000
7.420	0.000	0.000
7.456	0.000	0.000
7.491	0.000	0.000
7.526	0.000	0.000
7.561	0.000	0.000
7.596	0.000	0.000
7.631	0.000	0.000
7.667	0.000	0.000
7.702	0.000	0.000
7.737	0.000	0.000
7.772	0.000	0.000
7.807	0.000	0.000
7.844	0.000	0.000
7.879	0.000	0.000
7.914	0.000	0.000
7.949	0.000	0.000
7.984	0.000	0.000
8.019	0.000	0.000
8.054	0.000	0.000
8.089	0.000	0.000
8.124	0.000	0.000
8.159	0.000	0.000
8.195	0.000	0.000
8.230	0.000	0.000
8.265	0.000	0.000
8.300	0.000	0.000
8.335	0.000	0.000
8.370	0.000	0.000
8.405	0.000	0.000
8.440	0.000	0.000
8.475	0.000	0.000
8.510	0.000	0.000
8.545	0.000	0.000
8.580	0.000	0.000
8.615	0.000	0.000
8.651	0.000	0.000
8.686	0.000	0.000
8.721	0.000	0.000
8.756	0.000	0.000
8.791	0.000	0.000
8.826	0.000	0.000
8.862	0.000	0.000
8.897	0.000	0.000
8.932	0.000	0.000
8.967	0.000	0.000
9.003	0.000	0.000
9.038	0.000	0.000
9.073	0.000	0.000
9.108	0.000	0.000
9.143	0.000	0.000
9.178	0.000	0.000
9.213	0.000	0.000
9.248	0.000	0.000
9.283	0.000	0.000
9.318	0.000	0.000
9.353	0.000	0.000
9.388	0.000	0.000
9.423	0.000	0.000
9.459	0.000	0.000
9.494	0.000	0.000
9.531	0.000	0.000
9.566	0.000	0.000
9.601	0.000	0.000
9.636	0.000	0.000
9.671	0.000	0.000
9.706	0.000	0.000
9.741	0.000	0.000
9.776	0.000	0.000
9.811	0.000	0.000
9.846	0.000	0.000
9.881	0.000	0.000
9.917	0.000	0.000
9.952	0.000	0.000
9.987	0.000	0.000
10.022	0.000	0.000
10.057	0.000	0.000
10.093	0.000	0.000
10.128	0.000	0.000
10.163	0.000	0.000
10.199	0.000	0.000
10.234	0.000	0.000
10.270	0.000	0.000
10.305	0.000	0.000
10.340	0.000	0.000
10.375	0.000	0.000
10.410	0.000	0.000
10.445	0.000	0.000
10.480	0.000	0.000
10.515	0.000	0.000
10.550	0.000	0.000
10.585	0.000	0.000
10.620	0.000	0.000
10.655	0.000	0.000
10.690	0.000	0.000
10.725	0.000	0.000
10.760	0.000	0.000
10.795	0.000	0.000
10.831	0.000	0.000
10.866	0.000	0.000
10.901	0.000	0.000
10.936	0.000	0.000
10.971	0.000	0.000
11.007	0.000	0.000
11.042	0.000	0.000
11.078	0.000	0.000
11.113	0.000	0.000
11.149	0.000	0.000
11.184	0.000	0.000
11.219	0.000	0.000
11.254	0.000	0.000
11.289	0.000	0.000
11.324	0.000	0.000
11.359	0.000	0.000
11.394	0.000	0.000
11.429	0.000	0.000
11.464	0.000	0.000
11.499	0.000	0.000
11.534	0.000	0.000
11.570	0.000	0.000
11.605	0.000	0.000
11.640	0.000	0.000
11.675	0.000	0.000
11.710	0.000	0.000
11.745	0.000	0.000
11.780	0.000	0.000
11.816	0.000	0.000
11.851	0.000	0.000
11.886	0.000	0.000
11.921	0.000	0.000
11.956	0.000	0.000
11.991	0.000	0.000
12.026	0.000	0.000
12.061	0.000	0.000
12.096	0.000	0.000
12.132	0.000	0.000
12.168	0.000	0.000
12.203	0.000	0.000
12.238	0.000	0.000
12.273	0.000	0.000
12.309	0.000	0.000
12.344	0.000	0.000
12.379	0.000	0.000
12.414	0.000	0.000
12.449	0.000	0.000
12.485	0.000	0.000
12.521	0.000	0.000
12.556	0.000	0.000
12.591	0.000	0.000
12.626	0.000	0.000
12.662	0.000	0.000
12.697	0.000	0.000
12.732	0.000	0.000
12.767	0.000	0.000
12.803	0.000	0.000
12.839	0.000	0.000
12.874	0.000	0.000
12.909	0.000	0.000
12.944	0.000	0.000
12.979	0.000	0.000
13.014	0.000	0.000
13.049	0.000	0.000
13.084	0.000	0.000
13.119	0.000	0.000
13.154	0.000	0.000
13.189	0.000	0.000
13.224	0.000	0.000
13.260	0.000	0.000
13.295	0.000	0.000
13.330	0.000	0.000
13.365	0.000	0.000
13.401	0.000	0.000
13.436	0.000	0.000
13.471	0.000	0.000
13.506	0.000	0.000
13.541	0.000	0.000
13.577	0.000	0.000
13.612	0.000	0.000
13.647	0.000	0.000
13.682	0.000	0.000
13.717	0.000	0.000
13.767	0.000	0.000
13.802	0.000	0.000
13.837	0.000	0.000
13.872	0.000	0.000
13.907	0.000	0.000
13.942	0.000	0.000
13.978	0.000	0.000
14.013	0.000	0.000
14.049	0.000	0.000
14.085	0.000	0.000
14.120	0.000	0.000
14.156	0.000	0.000
14.192	0.000	0.000
14.227	0.000	0.000
14.262	0.000	0.000
14.297	0.000	0.000
14.333	0.000	0.000
14.368	0.000	0.000
14.404	0.000	0.000
14.439	0.000	0.000
14.474	0.000	0.000
14.511	0.000	0.000
14.547	0.000	0.000
14.582	0.000	0.000
14.617	0.000	0.000
14.652	0.000	0.000
14.687	0.000	0.000
14.722	0.000	0.000
14.757	0.000	0.000
14.792	0.000	0.000
14.827	0.000	0.000
14.863	0.000	0.000
14.898	0.000	0.000
14.933	0.000	0.000
14.968	0.000	0.000
15.004	0.000	0.000
15.039	0.000	0.000
15.074	0.000	0.000
15.110	0.000	0.000
15.145	0.000	0.000
15.180	0.000	0.000
15.215	0.000	0.000
15.250	0.000	0.000
15.286	0.000	0.000
15.322	0.000	0.000
15.357	0.000	0.000
15.392	0.000	0.000
15.428	0.000	0.000
15.463	0.000	0.000
15.498	0.000	0.000
15.533	0.000	0.000
15.568	0.000	0.000
15.603	0.000	0.000
15.639	0.000	0.000
15.674	0.000	0.000
15.709	0.000	0.000
15.744	0.000	0.000
15.779	0.000	0.000
15.814	0.000	0.000
15.850	0.000	0.000
15.885	0.000	0.000
15.920	0.000	0.000
15.955	0.000	0.000
15.990	0.000	0.000
16.025	0.000	0.000
16.060	0.000	0.000
16.095	0.000	0.000
16.131	0.000	0.000
16.166	0.000	0.000
16.201	0.000	0.000
16.236	0.000	0.000
16.271	0.000	0.000
16.307	0.000	0.000
16.342	0.000	0.000
16.377	0.000	0.000
16.412	0.000	0.000
16.448	0.000	0.000
16.483	0.000	0.000
16.518	0.000	0.000
16.554	0.000	0.000
16.589	0.000	0.000
16.624	0.000	0.000
16.659	0.000	0.000
16.694	0.000	0.000
16.730	0.000	0.000
16.765	0.000	0.000
16.800	0.000	0.000
16.835	0.000	0.000
16.870	0.000	0.000
16.905	0.000	0.000
16.940	0.000	0.000
16.975	0.000	0.000
17.010	0.000	0.000
17.045	0.000	0.000
17.080	0.000	0.000
17.115	0.000	0.000
17.150	0.000	0.000
17.185	0.000	0.000
17.220	0.000	0.000
17.255	0.000	0.000
17.290	0.000	0.000
17.325	0.000	0.000
17.360	0.000	0.000
17.395	0.000	0.000
17.430	0.000	0.000
17.465	0.000	0.000
17.500	0.000	0.000
17.535	0.000	0.000
17.570	0.000	0.000
17.605	0.000	0.000
17.640	0.000	0.000
17.675	0.000	0.000
17.710	0.000	0.000
17.745	0.000	0.000
17.780	0.000	0.000
17.815	0.000	0.000
17.851	0.000	0.000
17.886	0.000	0.000
17.921	0.000	0.000
17.957	0.000	0.000
17.992	0.000	0.000
18.027	0.000	0.000
18.062	0.000	0.000
18.097	0.000	0.000
18.132	0.000	0.000
18.167	0.000	0.000
18.203	0.000	0.000
18.239	0.000	0.000
18.274	0.000	0.000
18.309	0.000	0.000
18.344	0.000	0.000
18.379	0.000	0.000
18.414	0.000	0.000
18.450	0.000	0.000
18.486	0.000	0.000
18.522	-6.000	0.000
18.557	-6.000	0.000
18.592	-6.000	-0.086
18.627	-6.000	-0.249
18.662	-6.000	-0.403
18.697	-6.000	-0.533
18.732	-6.000	-0.653
18.768	-6.000	-0.751
18.803	-6.000	-0.834
18.838	-6.000	-0.912
18.873	-6.000	-0.972
18.908	-6.000	-1.027
18.943	-6.000	-1.074
18.979	-6.000	-1.112
19.014	-6.000	-1.150
19.050	-6.000	-1.180
19.085	-6.000	-1.201
19.120	-6.000	-1.224
19.155	-6.000	-1.246
19.191	-6.000	-1.263
19.226	-6.000	-1.272
19.261	-6.000	-1.285
19.296	-6.000	-1.297
19.332	-6.000	-1.305
19.368	-6.000	-1.316
19.404	-6.000	-1.321
19.439	-6.000	-1.323
19.474	-6.000	-1.333
19.509	-6.000	-1.337
19.544	-6.000	-1.340
19.580	-6.000	-1.343
19.615	-6.000	-1.342
19.650	-6.000	-1.346
19.685	-6.000	-1.347
19.720	-6.000	-1.354
19.755	-6.000	-1.355
19.790	-6.000	-1.350
19.825	-6.000	-1.357
19.860	-6.000	-1.358
19.896	-6.000	-1.353
19.931	-6.000	-1.359
19.966	-6.000	-1.355
20.001	-6.000	-1.355
20.038	-6.000	-1.357
20.073	-6.000	-1.356
20.109	-6.000	-1.358
20.144	-6.000	-1.360
20.180	-6.000	-1.357
20.215	-6.000	-1.358
20.250	-6.000	-1.363
20.285	-6.000	-1.362
20.320	-6.000	-1.364
20.356	-6.000	-1.362
20.391	-6.000	-1.362
20.427	-6.000	-1.363
20.463	-6.000	-1.358
20.498	-6.000	-1.358
20.533	-6.000	-1.360
20.568	-6.000	-1.360
20.603	-6.000	-1.360
20.638	-6.000	-1.364
20.673	-6.000	-1.362
20.709	-6.000	-1.360
20.744	-6.000	-1.358
20.779	-6.000	-1.360
20.814	-6.000	-1.361
20.849	-6.000	-1.359
20.885	-6.000	-1.362
20.920	-6.000	-1.363
20.955	-6.000	-1.363
20.990	-6.000	-1.360
21.025	-6.000	-1.361
21.060	-6.000	-1.361
21.095	-6.000	-1.363
21.130	-6.000	-1.362
21.165	-6.000	-1.362
21.200	-6.000	-1.360
21.236	-6.000	-1.361
21.271	-6.000	-1.364
21.306	-6.000	-1.363
21.341	-6.000	-1.359
21.376	-6.000	-1.360
21.411	-6.000	-1.364
21.448	-6.000	-1.362
21.483	-6.000	-1.359
21.518	-6.000	-1.364
21.553	-6.000	-1.362
21.588	-6.000	-1.364
21.623	-6.000	-1.363
21.658	-6.000	-1.363
21.693	-6.000	-1.363
21.728	-6.000	-1.359
21.764	-6.000	-1.363
21.800	-6.000	-1.359
21.835	-6.000	-1.363
21.871	-6.000	-1.361
21.906	-6.000	-1.363
21.941	-6.000	-1.363
21.977	-6.000	-1.359
22.012	-6.000	-1.360
22.047	-6.000	-1.361
22.082	-6.000	-1.362
22.117	-6.000	-1.363
22.152	-6.000	-1.363
22.187	-6.000	-1.362
22.222	-6.000	-1.363
22.257	-6.000	-1.363
22.292	-6.000	-1.362
22.327	-6.000	-1.362
22.362	-6.000	-1.362
22.397	-6.000	-1.360
22.432	-6.000	-1.362
22.467	-6.000	-1.363
22.502	-6.000	-1.360
22.537	-6.000	-1.362
22.572	-6.000	-1.361
22.607	-6.000	-1.359
22.642	-6.000	-1.363
22.677	-6.000	-1.363
22.712	-6.000	-1.362
22.747	-6.000	-1.363
22.782	-6.000	-1.358
22.817	-6.000	-1.362
22.852	-6.000	-1.361
22.887	-6.000	-1.363
22.922	-6.000	-1.360
22.957	-6.000	-1.358
22.992	-6.000	-1.361
23.027	-6.000	-1.358
23.062	-6.000	-1.362
23.098	-6.000	-1.362
23.133	-6.000	-1.362
23.168	-6.000	-1.359
23.203	-6.000	-1.361
23.239	-6.000	-1.360
23.274	-6.000	-1.363
23.309	-6.000	-1.363
23.344	-6.000	-1.363
23.380	-6.000	-1.362
23.415	-6.000	-1.359
23.450	-6.000	-1.361
23.485	-6.000	-1.361
23.520	-6.000	-1.362
23.556	-6.000	-1.362
23.592	-6.000	-1.364
23.627	-6.000	-1.360
23.662	-6.000	-1.364
23.697	-6.000	-1.365
23.732	-6.000	-1.364
23.767	-6.000	-1.360
23.802	-6.000	-1.363
23.838	-6.000	-1.361
23.873	-6.000	-1.365
23.909	-6.000	-1.359
23.945	-6.000	-1.363
23.980	-6.000	-1.364
24.015	-6.000	-1.362
24.050	-6.000	-1.362
24.085	-6.000	-1.362
24.120	-6.000	-1.359
24.155	-6.000	-1.363
24.191	-6.000	-1.363
24.226	-6.000	-1.359
24.261	-6.000	-1.360
24.296	-6.000	-1.359
24.332	-6.000	-1.361
24.368	-6.000	-1.359
24.403	-6.000	-1.362
24.438	-6.000	-1.360
24.473	-6.000	-1.359
24.509	-6.000	-1.363
24.544	-6.000	-1.363
24.580	-6.000	-1.359
24.615	-6.000	-1.360
24.651	-6.000	-1.360
24.686	-6.000	-1.362
24.721	-6.000	-1.360
24.757	-6.000	-1.361
24.793	-6.000	-1.362
24.828	-6.000	-1.361
24.863	-6.000	-1.363
24.899	-6.000	-1.362
24.935	-6.000	-1.362
24.970	-6.000	-1.362
25.005	-6.000	-1.360
25.042	-6.000	-1.361
25.077	-6.000	-1.359
25.112	-6.000	-1.360
25.147	-6.000	-1.361
25.183	-6.000	-1.362
25.218	-6.000	-1.364
25.253	-6.000	-1.362
25.288	-6.000	-1.363
25.323	-6.000	-1.364
25.359	-6.000	-1.360
25.395	-6.000	-1.362
25.431	-6.000	-1.358
25.466	-6.000	-1.363
25.501	-6.000	-1.364
25.536	-6.000	-1.363
25.571	-6.000	-1.358
25.606	-6.000	-1.363
25.641	-6.000	-1.359
25.676	-6.000	-1.362
25.711	-6.000	-1.362
25.746	-6.000	-1.363
25.782	-6.000	-1.363
25.817	-6.000	-1.358
25.852	-6.000	-1.359
25.887	-6.000	-1.363
25.922	-6.000	-1.363
25.957	-6.000	-1.358
25.992	-6.000	-1.357
26.027	-6.000	-1.360
26.062	-6.000	-1.359
26.097	-6.000	-1.363
26.132	-6.000	-1.358
26.167	-6.000	-1.360
26.202	-6.000	-1.360
26.237	-6.000	-1.360
26.272	-6.000	-1.360
26.307	-6.000	-1.362
26.342	-6.000	-1.361
26.377	-6.000	-1.361
26.413	-6.000	-1.359
26.449	-6.000	-1.361
26.484	-6.000	-1.358
26.519	-6.000	-1.362
26.554	-6.000	-1.362
26.589	-6.000	-1.363
26.624	-6.000	-1.362
26.659	-6.000	-1.359
26.694	-6.000	-1.363
26.729	-6.000	-1.363
26.764	-6.000	-1.360
26.800	-6.000	-1.360
26.835	-6.000	-1.360
26.870	-6.000	-1.361
26.905	-6.000	-1.363
26.940	-6.000	-1.363
26.975	-6.000	-1.361
27.010	-6.000	-1.363
27.046	-6.000	-1.362
27.081	-6.000	-1.363
27.116	-6.000	-1.364
27.151	-6.000	-1.364
27.186	-6.000	-1.362
27.222	-6.000	-1.363
27.257	-6.000	-1.359
27.292	-6.000	-1.361
27.327	-6.000	-1.363
27.362	-6.000	-1.363
27.398	-6.000	-1.362
27.433	-6.000	-1.363
27.469	-6.000	-1.358
27.504	-6.000	-1.361
27.539	-6.000	-1.359
27.575	-6.000	-1.359
27.611	-6.000	-1.358
27.646	-6.000	-1.362
27.682	-6.000	-1.358
27.717	-6.000	-1.359
27.752	-6.000	-1.359
