0.000	0.000	0.000
0.035	0.000	0.000
0.070	0.000	0.000
0.105	0.000	0.000
0.140	0.000	0.000
0.176	0.000	0.000
0.212	0.000	0.000
0.247	0.000	0.000
0.282	0.000	0.000
0.317	0.000	0.000
0.352	0.000	0.000
0.388	0.000	0.000
0.423	0.000	0.000
0.458	0.000	0.000
0.493	0.000	0.000
0.529	0.000	0.000
0.564	0.000	0.000
0.599	0.000	0.000
0.634	0.000	0.000
0.669	0.000	0.000
0.704	0.000	0.000
0.740	0.000	0.000
0.776	0.000	0.000
0.811	0.000	0.000
0.846	0.000	0.000
0.881	0.000	0.000
0.916	0.000	0.000
0.951	0.000	0.000
0.986	0.000	0.000
1.021	0.000	0.000
1.056	0.000	0.000
1.092	0.000	0.000
1.127	0.000	0.000
1.163	0.000	0.000
1.198	0.000	0.000
1.233	0.000	0.000
1.268	0.000	0.000
1.303	0.000	0.000
1.338	0.000	0.000
1.374	0.000	0.000
1.409	0.000	0.000
1.445	0.000	0.000
1.480	0.000	0.000
1.515	0.000	0.000
1.550	0.000	0.000
1.585	0.000	0.000
1.620	0.000	0.000
1.655	0.000	0.000
1.690	0.000	0.000
1.726	0.000	0.000
1.761	0.000	0.000
1.796	0.000	0.000
1.831	0.000	0.000
1.866	0.000	0.000
1.901	0.000	0.000
1.936	0.000	0.000
1.972	0.000	0.000
2.007	0.000	0.000
2.042	0.000	0.000
2.077	0.000	0.000
2.112	0.000	0.000
2.148	0.000	0.000
2.183	0.000	0.000
2.218	0.000	0.000
2.254	0.000	0.000
2.289	0.000	0.000
2.324	0.000	0.000
2.359	0.000	0.000
2.394	0.000	0.000
2.430	0.000	0.000
2.466	0.000	0.000
2.501	0.000	0.000
2.538	0.000	0.000
2.574	0.000	0.000
2.609	0.000	0.000
2.645	0.000	0.000
2.680	0.000	0.000
2.716	0.000	0.000
2.751	0.000	0.000
2.786	0.000	0.000
2.821	0.000	0.000
2.856	0.000	0.000
2.892	0.000	0.000
2.927	0.000	0.000
2.962	0.000	0.000
2.997	0.000	0.000
3.032	0.000	0.000
3.067	0.000	0.000
3.102	0.000	0.000
3.137	0.000	0.000
3.172	0.000	0.000
3.208	0.000	0.000
3.244	0.000	0.000
3.279	0.000	0.000
3.314	0.000	0.000
3.350	0.000	0.000
3.385	0.000	0.000
3.420	0.000	0.000
3.455	0.000	0.000
3.490	0.000	0.000
3.525	0.000	0.000
3.561	0.000	0.000
3.596	0.000	0.000
3.631	0.000	0.000
3.667	0.000	0.000
3.702	0.000	0.000
3.737	0.000	0.000
3.772	0.000	0.000
3.807	0.000	0.000
3.842	0.000	0.000
3.877	0.000	0.000
3.912	0.000	0.000
3.947	0.000	0.000
3.982	0.000	0.000
4.017	0.000	0.000
4.053	0.000	0.000
4.088	0.000	0.000
4.123	0.000	0.000
4.158	0.000	0.000
4.193	0.000	0.000
4.228	0.000	0.000
4.263	0.000	0.000
4.298	0.000	0.000
4.334	0.000	0.000
4.369	0.000	0.000
4.405	0.000	0.000
4.440	0.000	0.000
4.475	0.000	0.000
4.510	0.000	0.000
4.545	0.000	0.000
4.580	0.000	0.000
4.615	0.000	0.000
4.650	0.000	0.000
4.685	0.000	0.000
4.720	0.000	0.000
4.755	0.000	0.000
4.790	0.000	0.000
4.825	0.000	0.000
4.860	0.000	0.000
4.895	0.000	0.000
4.930	0.000	0.000
4.965	0.000	0.000
5.000	0.000	0.000
5.035	0.000	0.000
5.070	0.000	0.000
5.106	0.000	0.000
5.142	0.000	0.000
5.178	0.000	0.000
5.213	0.000	0.000
5.249	0.000	0.000
5.284	0.000	0.000
5.320	0.000	0.000
5.355	0.000	0.000
5.390	0.000	0.000
5.425	0.000	0.000
5.460	0.000	0.000
5.495	0.000	0.000
5.530	0.000	0.000
5.565	0.000	0.000
5.600	0.000	0.000
5.635	0.000	0.000
5.670	0.000	0.000
5.705	0.000	0.000
5.740	0.000	0.000
5.775	0.000	0.000
5.811	0.000	0.000
5.846	0.000	0.000
5.881	0.000	0.000
5.917	0.000	0.000
5.952	0.000	0.000
5.987	0.000	0.000
6.022	0.000	0.000
6.057	0.000	0.000
6.092	0.000	0.000
6.127	0.000	0.000
6.162	0.000	0.000
6.197	0.000	0.000
6.234	0.000	0.000
6.269	0.000	0.000
6.305	0.000	0.000
6.340	0.000	0.000
6.375	0.000	0.000
6.410	0.000	0.000
6.446	0.000	0.000
6.481	0.000	0.000
6.516	0.000	0.000
6.551	0.000	0.000
6.587	0.000	0.000
6.622	0.000	0.000
6.657	0.000	0.000
6.692	0.000	0.000
6.727	0.000	0.000
6.762	0.000	0.000
6.797	0.000	0.000
6.832	0.000	0.000
6.867	0.000	0.000
6.902	0.000	0.000
6.937	0.000	0.000
6.972	0.000	0.000
7.007	0.000	0.000
7.042	0.000	0.000
7.078	0.000	0.000
7.113	0.000	0.000
7.148	0.000	0.000
7.184	0.000	0.000
7.220	0.000	0.000
7.256	0.000	0.000
7.291	0.000	0.000
7.326	0.000	0.000
7.361	0.000	0.000
7.396	0.000	0.000
7.431	0.000	0.000
7.466	0.000	0.000
7.501	0.000	0.000
7.536	0.000	0.000
7.571	0.000	0.000
7.606	0.000	0.000
7.641	0.000	0.000
7.676	0.000	0.000
7.711	0.000	0.000
7.746	0.000	0.000
7.781	0.000	0.000
7.816	0.000	0.000
7.851	0.000	0.000
7.886	0.000	0.000
7.921	0.000	0.000
7.957	0.000	0.000
7.992	0.000	0.000
8.027	0.000	0.000
8.062	0.000	0.000
8.097	0.000	0.000
8.132	0.000	0.000
8.168	0.000	0.000
8.203	0.000	0.000
8.238	0.000	0.000
8.275	0.000	0.000
8.310	0.000	0.000
8.345	0.000	0.000
8.380	0.000	0.000
8.415	0.000	0.000
8.450	0.000	0.000
8.485	0.000	0.000
8.521	0.000	0.000
8.556	0.000	0.000
8.591	0.000	0.000
8.626	0.000	0.000
8.662	0.000	0.000
8.697	0.000	0.000
8.732	0.000	0.000
8.767	0.000	0.000
8.803	0.000	0.000
8.838	0.000	0.000
8.873	0.000	0.000
8.909	0.000	0.000
8.945	0.000	0.000
8.980	0.000	0.000
9.016	0.000	0.000
9.051	0.000	0.000
9.087	0.000	0.000
9.122	0.000	0.000
9.157	0.000	0.000
9.193	0.000	0.000
9.228	0.000	0.000
9.263	0.000	0.000
9.298	0.000	0.000
9.333	0.000	0.000
9.369	0.000	0.000
9.405	0.000	0.000
9.440	0.000	0.000
9.475	0.000	0.000
9.510	0.000	0.000
9.545	0.000	0.000
9.580	0.000	0.000
9.615	0.000	0.000
9.650	0.000	0.000
9.685	0.000	0.000
9.720	0.000	0.000
9.755	0.000	0.000
9.790	0.000	0.000
9.825	0.000	0.000
9.860	0.000	0.000
9.896	0.000	0.000
9.931	0.000	0.000
9.966	0.000	0.000
10.001	-10.000	0.000
10.036	-10.000	0.000
10.071	-10.000	-0.095
10.106	-10.000	-0.361
10.141	-10.000	-0.630
10.176	-10.000	-0.856
10.212	-10.000	-1.061
10.247	-10.000	-1.234
10.282	-10.000	-1.382
10.318	-10.000	-1.509
10.354	-10.000	-1.620
10.389	-10.000	-1.715
10.424	-10.000	-1.797
10.459	-10.000	-1.866
10.494	-10.000	-1.921
10.529	-10.000	-1.971
10.564	-10.000	-2.019
10.599	-10.000	-2.053
10.634	-10.000	-2.087
10.669	-10.000	-2.114
10.705	-10.000	-2.138
10.740	-10.000	-2.161
10.775	-10.000	-2.177
10.810	-10.000	-2.193
10.846	-10.000	-2.210
10.881	-10.000	-2.213
10.916	-10.000	-2.226
10.951	-10.000	-2.238
10.986	-10.000	-2.247
11.022	-10.000	-2.250
11.057	-10.000	-2.251
11.093	-10.000	-2.258
11.128	-10.000	-2.264
11.163	-10.000	-2.267
11.198	-10.000	-2.270
11.233	-10.000	-2.276
11.269	-10.000	-2.277
11.304	-10.000	-2.271
11.340	-10.000	-2.275
11.375	-10.000	-2.279
11.410	-10.000	-2.283
11.445	-10.000	-2.279
11.480	-10.000	-2.281
11.515	-10.000	-2.283
11.551	-10.000	-2.286
11.587	-10.000	-2.278
11.622	-10.000	-2.281
11.658	-10.000	-2.283
11.693	-10.000	-2.282
11.728	-10.000	-2.285
11.764	-10.000	-2.285
11.799	-10.000	-2.287
11.834	-10.000	-2.288
11.870	-10.000	-2.286
11.905	-10.000	-2.288
11.940	-10.000	-2.286
11.975	-10.000	-2.282
12.010	-10.000	-2.284
12.045	-10.000	-2.289
12.080	-10.000	-2.285
12.116	-10.000	-2.289
12.151	-10.000	-2.282
12.186	-10.000	-2.283
12.221	-10.000	-2.289
12.257	-10.000	-2.284
12.292	-10.000	-2.290
12.328	-10.000	-2.291
12.363	-10.000	-2.285
12.398	-10.000	-2.283
12.434	-10.000	-2.285
12.469	-10.000	-2.282
12.505	-10.000	-2.284
12.540	-10.000	-2.282
12.575	-10.000	-2.289
12.610	-10.000	-2.286
12.645	-10.000	-2.289
12.680	-10.000	-2.290
12.715	-10.000	-2.280
12.751	-10.000	-2.283
12.787	-10.000	-2.289
12.822	-10.000	-2.287
12.857	-10.000	-2.287
12.892	-10.000	-2.282
12.928	-10.000	-2.290
12.964	-10.000	-2.281
12.999	-10.000	-2.282
13.034	-10.000	-2.284
13.069	-10.000	-2.285
13.104	-10.000	-2.288
13.139	-10.000	-2.286
13.174	-10.000	-2.287
13.209	-10.000	-2.286
13.244	-10.000	-2.285
13.279	-10.000	-2.285
13.315	-10.000	-2.285
13.350	-10.000	-2.288
13.385	-10.000	-2.287
13.421	-10.000	-2.286
13.456	-10.000	-2.288
13.491	-10.000	-2.290
13.526	-10.000	-2.284
13.561	-10.000	-2.287
13.597	-10.000	-2.286
13.632	-10.000	-2.289
13.667	-10.000	-2.285
13.702	-10.000	-2.286
13.737	-10.000	-2.284
13.772	-10.000	-2.286
13.807	-10.000	-2.286
13.842	-10.000	-2.288
13.877	-10.000	-2.288
13.912	-10.000	-2.289
13.948	-10.000	-2.286
13.983	-10.000	-2.286
14.018	-10.000	-2.286
14.053	-10.000	-2.287
14.088	-10.000	-2.287
14.123	-10.000	-2.286
14.158	-10.000	-2.288
14.193	-10.000	-2.286
14.228	-10.000	-2.287
14.263	-10.000	-2.287
14.298	-10.000	-2.289
14.333	-10.000	-2.283
14.368	-10.000	-2.285
14.403	-10.000	-2.289
14.438	-10.000	-2.287
14.474	-10.000	-2.285
14.509	-10.000	-2.290
14.545	-10.000	-2.282
14.580	-10.000	-2.286
14.615	-10.000	-2.287
14.650	-10.000	-2.287
14.685	-10.000	-2.287
14.720	-10.000	-2.286
14.756	-10.000	-2.284
14.791	-10.000	-2.286
14.826	-10.000	-2.287
14.861	-10.000	-2.285
14.897	-10.000	-2.286
14.933	-10.000	-2.285
14.968	-10.000	-2.285
15.003	-10.000	-2.289
15.038	-10.000	-2.288
15.073	-10.000	-2.289
15.108	-10.000	-2.281
15.144	-10.000	-2.284
15.179	-10.000	-2.287
15.214	-10.000	-2.285
15.249	-10.000	-2.285
15.284	-10.000	-2.288
15.319	-10.000	-2.283
15.355	-10.000	-2.283
15.390	-10.000	-2.284
15.425	-10.000	-2.287
15.460	-10.000	-2.290
15.495	-10.000	-2.282
15.530	-10.000	-2.287
15.566	-10.000	-2.286
15.601	-10.000	-2.286
15.636	-10.000	-2.282
15.671	-10.000	-2.285
15.708	-10.000	-2.285
15.743	-10.000	-2.283
15.778	-10.000	-2.284
15.814	-10.000	-2.285
15.849	-10.000	-2.287
15.885	-10.000	-2.285
15.920	-10.000	-2.290
15.955	-10.000	-2.286
15.990	-10.000	-2.287
16.025	-10.000	-2.283
16.060	-10.000	-2.288
16.095	-10.000	-2.283
16.130	-10.000	-2.289
16.165	-10.000	-2.290
16.201	-10.000	-2.286
16.236	-10.000	-2.289
16.272	-10.000	-2.289
16.307	-10.000	-2.282
16.342	-10.000	-2.287
16.377	-10.000	-2.287
16.412	-10.000	-2.287
16.448	-10.000	-2.289
16.483	-10.000	-2.286
16.518	-10.000	-2.284
16.553	-10.000	-2.281
16.588	-10.000	-2.284
16.624	-10.000	-2.289
16.660	-10.000	-2.289
16.696	-10.000	-2.281
16.731	-10.000	-2.286
16.767	-10.000	-2.286
16.802	-10.000	-2.285
16.838	-10.000	-2.286
16.873	-10.000	-2.287
16.909	-10.000	-2.285
16.944	-10.000	-2.281
16.979	-10.000	-2.284
17.015	-10.000	-2.286
17.050	-10.000	-2.288
17.085	-10.000	-2.286
17.120	-10.000	-2.292
17.155	-10.000	-2.284
17.190	-10.000	-2.283
17.225	-10.000	-2.291
17.260	-10.000	-2.291
