0.000	0.000	0.000
0.035	0.000	0.000
0.070	0.000	0.000
0.105	0.000	0.000
0.140	0.000	0.000
0.175	0.000	0.000
0.210	0.000	0.000
0.245	0.000	0.000
0.280	0.000	0.000
0.315	0.000	0.000
0.350	0.000	0.000
0.385	0.000	0.000
0.420	0.000	0.000
0.455	0.000	0.000
0.490	0.000	0.000
0.525	0.000	0.000
0.560	0.000	0.000
0.595	0.000	0.000
0.630	0.000	0.000
0.665	0.000	0.000
0.701	0.000	0.000
0.736	0.000	0.000
0.771	0.000	0.000
0.806	0.000	0.000
0.841	0.000	0.000
0.876	0.000	0.000
0.911	0.000	0.000
0.946	0.000	0.000
0.981	0.000	0.000
1.016	0.000	0.000
1.051	0.000	0.000
1.087	0.000	0.000
1.122	0.000	0.000
1.158	0.000	0.000
1.193	0.000	0.000
1.228	0.000	0.000
1.263	0.000	0.000
1.299	0.000	0.000
1.335	0.000	0.000
1.371	0.000	0.000
1.406	0.000	0.000
1.441	0.000	0.000
1.477	0.000	0.000
1.512	0.000	0.000
1.547	0.000	0.000
1.582	0.000	0.000
1.618	0.000	0.000
1.654	0.000	0.000
1.689	0.000	0.000
1.724	0.000	0.000
1.759	0.000	0.000
1.794	0.000	0.000
1.829	0.000	0.000
1.864	0.000	0.000
1.899	0.000	0.000
1.934	0.000	0.000
1.969	0.000	0.000
2.005	0.000	0.000
2.040	0.000	0.000
2.076	0.000	0.000
2.111	0.000	0.000
2.146	0.000	0.000
2.181	0.000	0.000
2.216	0.000	0.000
2.251	0.000	0.000
2.286	0.000	0.000
2.321	0.000	0.000
2.356	0.000	0.000
2.391	0.000	0.000
2.426	0.000	0.000
2.461	0.000	0.000
2.496	0.000	0.000
2.531	0.000	0.000
2.566	0.000	0.000
2.601	0.000	0.000
2.636	0.000	0.000
2.671	0.000	0.000
2.706	0.000	0.000
2.741	0.000	0.000
2.777	0.000	0.000
2.813	0.000	0.000
2.849	0.000	0.000
2.884	0.000	0.000
2.920	0.000	0.000
2.956	0.000	0.000
2.992	0.000	0.000
3.027	0.000	0.000
3.062	0.000	0.000
3.098	0.000	0.000
3.133	0.000	0.000
3.168	0.000	0.000
3.204	0.000	0.000
3.240	0.000	0.000
3.275	0.000	0.000
3.310	0.000	0.000
3.345	0.000	0.000
3.380	0.000	0.000
3.415	0.000	0.000
3.450	0.000	0.000
3.485	0.000	0.000
3.520	0.000	0.000
3.555	0.000	0.000
3.590	0.000	0.000
3.625	0.000	0.000
3.660	0.000	0.000
3.696	0.000	0.000
3.731	0.000	0.000
3.766	0.000	0.000
3.801	0.000	0.000
3.836	0.000	0.000
3.871	0.000	0.000
3.906	0.000	0.000
3.942	0.000	0.000
3.977	0.000	0.000
4.013	0.000	0.000
4.048	0.000	0.000
4.083	0.000	0.000
4.118	0.000	0.000
4.153	0.000	0.000
4.188	0.000	0.000
4.223	0.000	0.000
4.258	0.000	0.000
4.293	0.000	0.000
4.328	0.000	0.000
4.363	0.000	0.000
4.398	0.000	0.000
4.434	0.000	0.000
4.469	0.000	0.000
4.505	0.000	0.000
4.540	0.000	0.000
4.576	0.000	0.000
4.611	0.000	0.000
4.647	0.000	0.000
4.682	0.000	0.000
4.717	0.000	0.000
4.752	0.000	0.000
4.788	0.000	0.000
4.824	0.000	0.000
4.860	0.000	0.000
4.895	0.000	0.000
4.930	0.000	0.000
4.965	0.000	0.000
5.000	0.000	0.000
5.035	0.000	0.000
5.070	0.000	0.000
5.105	0.000	0.000
5.140	0.000	0.000
5.175	0.000	0.000
5.210	0.000	0.000
5.245	0.000	0.000
5.280	0.000	0.000
5.316	0.000	0.000
5.353	0.000	0.000
5.389	0.000	0.000
5.424	0.000	0.000
5.459	0.000	0.000
5.494	0.000	0.000
5.529	0.000	0.000
5.564	0.000	0.000
5.599	0.000	0.000
5.634	0.000	0.000
5.669	0.000	0.000
5.704	0.000	0.000
5.739	0.000	0.000
5.774	0.000	0.000
5.809	0.000	0.000
5.845	0.000	0.000
5.881	0.000	0.000
5.916	0.000	0.000
5.951	0.000	0.000
5.987	0.000	0.000
6.022	0.000	0.000
6.057	0.000	0.000
6.093	0.000	0.000
6.128	0.000	0.000
6.163	0.000	0.000
6.198	0.000	0.000
6.233	0.000	0.000
6.268	0.000	0.000
6.303	0.000	0.000
6.339	0.000	0.000
6.374	0.000	0.000
6.410	0.000	0.000
6.445	0.000	0.000
6.480	0.000	0.000
6.516	0.000	0.000
6.552	0.000	0.000
6.587	0.000	0.000
6.623	0.000	0.000
6.658	0.000	0.000
6.693	0.000	0.000
6.728	-0.200	0.000
6.764	-0.200	0.000
6.799	-0.200	-0.001
6.834	-0.200	-0.004
6.869	-0.200	-0.007
6.904	-0.200	-0.009
6.939	-0.200	-0.011
6.974	-0.200	-0.013
7.009	-0.200	-0.014
7.044	-0.200	-0.016
7.079	-0.200	-0.017
7.114	-0.200	-0.017
7.149	-0.200	-0.018
7.184	-0.200	-0.018
7.220	-0.200	-0.019
7.255	-0.200	-0.020
7.290	-0.200	-0.021
7.325	-0.200	-0.021
7.360	-0.200	-0.021
7.395	-0.200	-0.022
7.430	-0.200	-0.022
7.465	-0.200	-0.022
7.500	-0.200	-0.022
7.536	-0.200	-0.022
7.571	-0.200	-0.023
7.606	-0.200	-0.023
7.641	-0.200	-0.023
7.677	-0.200	-0.023
7.713	-0.200	-0.023
7.748	-0.200	-0.023
7.783	-0.200	-0.023
7.818	-0.200	-0.023
7.853	-0.200	-0.023
7.889	-0.200	-0.023
7.924	-0.200	-0.023
7.960	-0.200	-0.023
7.995	-0.200	-0.023
8.030	-0.200	-0.023
8.066	-0.200	-0.023
8.101	-0.200	-0.023
8.136	-0.200	-0.023
8.172	-0.200	-0.023
8.207	-0.200	-0.023
8.243	-0.200	-0.022
8.278	-0.200	-0.022
8.313	-0.200	-0.023
8.348	-0.200	-0.022
8.383	-0.200	-0.023
8.418	-0.200	-0.023
8.454	-0.200	-0.023
8.490	-0.200	-0.023
8.525	-0.200	-0.023
8.560	-0.200	-0.023
8.596	-0.200	-0.023
8.632	-0.200	-0.023
8.668	-0.200	-0.023
8.703	-0.200	-0.023
8.738	-0.200	-0.023
8.773	-0.200	-0.023
8.808	-0.200	-0.023
8.843	-0.200	-0.023
8.878	-0.200	-0.022
8.913	-0.200	-0.022
8.948	-0.200	-0.022
8.983	-0.200	-0.023
9.019	-0.200	-0.023
9.054	-0.200	-0.023
9.089	-0.200	-0.022
9.124	-0.200	-0.022
9.159	-0.200	-0.022
9.194	-0.200	-0.022
9.229	-0.200	-0.022
9.264	-0.200	-0.022
9.299	-0.200	-0.021
9.334	-0.200	-0.022
9.369	-0.200	-0.022
9.404	-0.200	-0.021
9.440	-0.200	-0.021
9.475	-0.200	-0.021
9.511	-0.200	-0.021
9.546	-0.200	-0.022
9.581	-0.200	-0.022
9.616	-0.200	-0.022
9.653	-0.200	-0.022
9.688	-0.200	-0.022
9.724	-0.200	-0.021
9.759	-0.200	-0.021
9.794	-0.200	-0.022
9.829	-0.200	-0.022
9.865	-0.200	-0.022
9.900	-0.200	-0.022
9.935	-0.200	-0.022
9.971	-0.200	-0.022
10.006	-0.200	-0.022
10.042	-0.200	-0.022
10.078	-0.200	-0.022
10.114	-0.200	-0.022
10.149	-0.200	-0.022
10.184	-0.200	-0.022
10.219	-0.200	-0.022
10.254	-0.200	-0.022
10.289	-0.200	-0.022
10.325	-0.200	-0.022
10.360	-0.200	-0.022
10.395	-0.200	-0.022
10.430	-0.200	-0.022
10.465	-0.200	-0.022
10.500	-0.200	-0.022
10.537	-0.200	-0.022
10.572	-0.200	-0.022
10.607	-0.200	-0.022
10.642	-0.200	-0.022
10.677	-0.200	-0.022
10.713	-0.200	-0.022
10.748	-0.200	-0.023
10.783	-0.200	-0.023
10.819	-0.200	-0.023
10.854	-0.200	-0.023
10.889	-0.200	-0.023
10.924	-0.200	-0.023
10.959	-0.200	-0.022
10.994	-0.200	-0.022
11.029	-0.200	-0.022
11.065	-0.200	-0.022
11.100	-0.200	-0.022
11.135	-0.200	-0.022
11.170	-0.200	-0.022
11.205	-0.200	-0.022
11.240	-0.200	-0.022
11.275	-0.200	-0.022
11.310	-0.200	-0.021
11.345	-0.200	-0.021
11.380	-0.200	-0.021
11.415	-0.200	-0.021
11.450	-0.200	-0.021
11.485	-0.200	-0.021
11.520	-0.200	-0.021
11.556	-0.200	-0.021
11.591	-0.200	-0.021
11.626	-0.200	-0.021
11.661	-0.200	-0.022
11.696	-0.200	-0.022
11.731	-0.200	-0.022
11.766	-0.200	-0.022
11.801	-0.200	-0.021
11.837	-0.200	-0.021
11.872	-0.200	-0.021
11.907	-0.200	-0.021
11.942	-0.200	-0.021
11.977	-0.200	-0.021
12.013	-0.200	-0.021
12.048	-0.200	-0.021
12.083	-0.200	-0.021
12.118	-0.200	-0.021
12.154	-0.200	-0.021
12.189	-0.200	-0.021
12.224	-0.200	-0.021
12.259	-0.200	-0.021
12.294	-0.200	-0.021
12.329	-0.200	-0.021
12.364	-0.200	-0.021
12.399	-0.200	-0.021
12.434	-0.200	-0.021
12.469	-0.200	-0.021
12.504	-0.200	-0.021
12.539	-0.200	-0.021
12.574	-0.200	-0.020
12.609	-0.200	-0.020
12.644	-0.200	-0.021
12.679	-0.200	-0.021
12.714	-0.200	-0.021
12.749	-0.200	-0.021
12.784	-0.200	-0.021
12.819	-0.200	-0.021
12.854	-0.200	-0.021
12.889	-0.200	-0.021
12.925	-0.200	-0.021
12.960	-0.200	-0.021
12.995	-0.200	-0.021
13.030	-0.200	-0.021
13.066	-0.200	-0.020
13.101	-0.200	-0.021
13.136	-0.200	-0.021
13.171	-0.200	-0.021
13.206	-0.200	-0.021
13.241	-0.200	-0.021
13.276	-0.200	-0.021
13.312	-0.200	-0.021
13.347	-0.200	-0.021
13.382	-0.200	-0.021
13.417	-0.200	-0.021
13.452	-0.200	-0.021
13.487	-0.200	-0.022
13.523	-0.200	-0.022
13.558	-0.200	-0.022
13.593	-0.200	-0.022
13.629	-0.200	-0.022
13.664	-0.200	-0.022
13.699	-0.200	-0.022
13.734	-0.200	-0.022
13.769	-0.200	-0.022
13.804	-0.200	-0.022
13.839	-0.200	-0.022
13.875	-0.200	-0.022
13.911	-0.200	-0.022
13.946	-0.200	-0.022
13.981	-0.200	-0.022
14.016	-0.200	-0.022
14.052	-0.200	-0.022
14.088	-0.200	-0.022
14.123	-0.200	-0.022
14.158	-0.200	-0.022
14.193	-0.200	-0.022
14.228	-0.200	-0.022
14.263	-0.200	-0.022
14.298	-0.200	-0.022
14.333	-0.200	-0.021
14.368	-0.200	-0.022
14.403	-0.200	-0.022
14.438	-0.200	-0.021
14.473	-0.200	-0.021
14.508	-0.200	-0.021
14.544	-0.200	-0.021
14.579	-0.200	-0.022
14.615	-0.200	-0.022
14.650	-0.200	-0.022
14.685	-0.200	-0.022
14.720	-0.200	-0.021
14.755	-0.200	-0.021
14.791	-0.200	-0.021
14.826	-0.200	-0.021
14.861	-0.200	-0.021
14.896	-0.200	-0.022
14.931	-0.200	-0.022
14.966	-0.200	-0.022
15.001	-0.200	-0.022
15.036	-0.200	-0.022
15.071	-0.200	-0.023
15.106	-0.200	-0.022
15.141	-0.200	-0.022
15.177	-0.200	-0.023
15.212	-0.200	-0.022
15.248	-0.200	-0.022
15.284	-0.200	-0.022
15.319	-0.200	-0.022
15.354	-0.200	-0.022
15.389	-0.200	-0.022
15.424	-0.200	-0.022
15.459	-0.200	-0.022
15.494	-0.200	-0.022
15.529	-0.200	-0.023
15.564	-0.200	-0.022
15.599	-0.200	-0.022
15.634	-0.200	-0.022
15.669	-0.200	-0.022
15.705	-0.200	-0.022
15.740	-0.200	-0.022
15.776	-0.200	-0.022
15.812	-0.200	-0.022
15.847	-0.200	-0.022
15.882	-0.200	-0.022
15.917	-0.200	-0.022
15.953	-0.200	-0.023
15.988	-0.200	-0.022
16.023	-0.200	-0.022
16.059	-0.200	-0.022
16.094	-0.200	-0.022
16.129	-0.200	-0.022
16.164	-0.200	-0.022
16.199	-0.200	-0.022
16.234	-0.200	-0.022
16.269	-0.200	-0.021
16.304	-0.200	-0.021
16.340	-0.200	-0.021
16.375	-0.200	-0.021
16.410	-0.200	-0.021
16.445	-0.200	-0.021
16.480	-0.200	-0.021
16.515	-0.200	-0.021
16.550	-0.200	-0.021
16.585	-0.200	-0.021
16.620	-0.200	-0.021
16.655	-0.200	-0.021
16.690	-0.200	-0.021
16.726	-0.200	-0.021
16.761	-0.200	-0.021
16.796	-0.200	-0.021
16.831	-0.200	-0.021
16.866	-0.200	-0.021
16.901	-0.200	-0.021
16.936	-0.200	-0.021
16.971	-0.200	-0.021
17.006	-0.200	-0.021
17.041	-0.200	-0.020
17.077	-0.200	-0.020
17.112	-0.200	-0.020
17.148	-0.200	-0.020
17.183	-0.200	-0.020
17.219	-0.200	-0.020
17.255	-0.200	-0.020
17.290	-0.200	-0.020
17.325	-0.200	-0.020
17.360	-0.200	-0.020
17.395	-0.200	-0.020
17.430	-0.200	-0.020
17.466	-0.200	-0.020
17.503	-0.200	-0.020
17.538	-0.200	-0.021
17.574	-0.200	-0.021
17.609	-0.200	-0.021
17.644	-0.200	-0.021
17.679	-0.200	-0.021
17.714	-0.200	-0.021
17.749	-0.200	-0.021
17.785	-0.200	-0.021
17.820	-0.200	-0.021
17.855	-0.200	-0.021
17.890	-0.200	-0.021
17.925	-0.200	-0.021
17.960	-0.200	-0.021
17.995	-0.200	-0.021
18.030	-0.200	-0.021
18.065	-0.200	-0.021
18.100	-0.200	-0.021
18.135	-0.200	-0.021
18.170	-0.200	-0.021
18.205	-0.200	-0.021
18.240	-0.200	-0.022
18.276	-0.200	-0.022
18.311	-0.200	-0.022
18.346	-0.200	-0.022
18.382	-0.200	-0.022
18.417	-0.200	-0.022
18.452	-0.200	-0.022
18.487	-0.200	-0.022
18.522	-0.200	-0.021
18.558	-0.200	-0.021
18.593	-0.200	-0.022
18.628	-0.200	-0.022
18.663	-0.200	-0.022
18.698	-0.200	-0.022
18.734	-0.200	-0.022
18.769	-0.200	-0.022
18.804	-0.200	-0.022
18.840	-0.200	-0.022
18.876	-0.200	-0.022
18.911	-0.200	-0.021
18.946	-0.200	-0.021
18.982	-0.200	-0.022
19.017	-0.200	-0.022
19.052	-0.200	-0.022
19.087	-0.200	-0.022
19.123	-0.200	-0.022
19.158	-0.200	-0.021
19.193	-0.200	-0.021
19.228	-0.200	-0.021
19.263	-0.200	-0.021
19.298	-0.200	-0.021
19.333	-0.200	-0.022
19.368	-0.200	-0.022
19.403	-0.200	-0.022
19.438	-0.200	-0.021
19.474	-0.200	-0.021
19.509	-0.200	-0.021
19.544	-0.200	-0.021
19.579	-0.200	-0.021
19.614	-0.200	-0.021
19.649	-0.200	-0.021
19.684	-0.200	-0.021
19.720	-0.200	-0.021
19.755	-0.200	-0.021
19.790	-0.200	-0.021
19.825	-0.200	-0.021
19.861	-0.200	-0.022
19.896	-0.200	-0.021
19.931	-0.200	-0.021
19.967	-0.200	-0.022
20.002	-0.200	-0.022
20.037	-0.200	-0.022
20.072	-0.200	-0.022
20.107	-0.200	-0.022
20.142	-0.200	-0.021
20.177	-0.200	-0.021
20.212	-0.200	-0.021
20.248	-0.200	-0.021
20.283	-0.200	-0.021
20.318	-0.200	-0.021
20.353	-0.200	-0.021
20.389	-0.200	-0.021
20.424	-0.200	-0.020
20.459	-0.200	-0.020
20.495	-0.200	-0.021
20.531	-0.200	-0.021
20.566	-0.200	-0.020
20.601	-0.200	-0.020
20.636	-0.200	-0.020
20.671	-0.200	-0.020
20.707	-0.200	-0.020
20.743	-0.200	-0.020
20.778	-0.200	-0.020
20.813	-0.200	-0.020
20.848	-0.200	-0.020
20.883	-0.200	-0.020
20.918	-0.200	-0.020
20.953	-0.200	-0.020
20.988	-0.200	-0.020
21.023	-0.200	-0.020
