0.000	0.000	0.000
0.035	0.000	0.000
0.070	0.000	0.000
0.105	0.000	0.000
0.141	0.000	0.000
0.176	0.000	0.000
0.212	0.000	0.000
0.247	0.000	0.000
0.282	0.000	0.000
0.318	0.000	0.000
0.353	0.000	0.000
0.388	0.000	0.000
0.423	0.000	0.000
0.458	0.000	0.000
0.493	0.000	0.000
0.528	0.000	0.000
0.563	0.000	0.000
0.598	0.000	0.000
0.633	0.000	0.000
0.668	0.000	0.000
0.703	0.000	0.000
0.738	0.000	0.000
0.773	0.000	0.000
0.808	0.000	0.000
0.843	0.000	0.000
0.879	0.000	0.000
0.914	0.000	0.000
0.949	0.000	0.000
0.984	0.000	0.000
1.019	0.000	0.000
1.054	0.000	0.000
1.089	0.000	0.000
1.125	0.000	0.000
1.160	0.000	0.000
1.195	0.000	0.000
1.230	0.000	0.000
1.265	0.000	0.000
1.300	0.000	0.000
1.335	0.000	0.000
1.370	0.000	0.000
1.406	0.000	0.000
1.441	0.000	0.000
1.477	0.000	0.000
1.512	0.000	0.000
1.547	0.000	0.000
1.582	0.000	0.000
1.617	0.000	0.000
1.652	0.000	0.000
1.687	0.000	0.000
1.722	0.000	0.000
1.757	0.000	0.000
1.792	0.000	0.000
1.827	0.000	0.000
1.862	0.000	0.000
1.897	0.000	0.000
1.932	0.000	0.000
1.967	0.000	0.000
2.002	0.000	0.000
2.037	0.000	0.000
2.072	0.000	0.000
2.107	0.000	0.000
2.142	0.000	0.000
2.177	0.000	0.000
2.212	0.000	0.000
2.247	0.000	0.000
2.282	0.000	0.000
2.317	0.000	0.000
2.352	0.000	0.000
2.387	0.000	0.000
2.422	0.000	0.000
2.457	0.000	0.000
2.492	0.000	0.000
2.527	0.000	0.000
2.562	0.000	0.000
2.597	0.000	0.000
2.632	0.000	0.000
2.667	0.000	0.000
2.702	0.000	0.000
2.737	0.000	0.000
2.772	0.000	0.000
2.808	0.000	0.000
2.843	0.000	0.000
2.878	0.000	0.000
2.913	0.000	0.000
2.948	0.000	0.000
2.983	0.000	0.000
3.018	0.000	0.000
3.053	0.000	0.000
3.089	0.000	0.000
3.125	0.000	0.000
3.160	0.000	0.000
3.195	0.000	0.000
3.231	0.000	0.000
3.266	0.000	0.000
3.301	0.000	0.000
3.336	0.000	0.000
3.371	0.000	0.000
3.406	0.000	0.000
3.442	0.000	0.000
3.477	0.000	0.000
3.513	0.000	0.000
3.549	0.000	0.000
3.584	0.000	0.000
3.619	0.000	0.000
3.654	0.000	0.000
3.691	0.000	0.000
3.726	0.000	0.000
3.761	0.000	0.000
3.796	0.000	0.000
3.831	0.000	0.000
3.867	0.000	0.000
3.902	0.000	0.000
3.937	0.000	0.000
3.972	0.000	0.000
4.007	0.000	0.000
4.042	0.000	0.000
4.077	0.000	0.000
4.112	0.000	0.000
4.148	0.000	0.000
4.183	0.000	0.000
4.218	0.000	0.000
4.253	0.000	0.000
4.288	0.000	0.000
4.323	0.000	0.000
4.358	0.000	0.000
4.393	0.000	0.000
4.428	0.000	0.000
4.463	1.000	0.000
4.498	1.000	0.000
4.533	1.000	0.013
4.568	1.000	0.038
4.603	1.000	0.062
4.640	1.000	0.083
4.675	1.000	0.100
4.710	1.000	0.115
4.745	1.000	0.128
4.780	1.000	0.139
4.815	1.000	0.149
4.850	1.000	0.157
4.885	1.000	0.164
4.920	1.000	0.170
4.956	1.000	0.176
4.991	1.000	0.180
5.027	1.000	0.185
5.063	1.000	0.188
5.098	1.000	0.190
5.133	1.000	0.193
5.168	1.000	0.195
5.203	1.000	0.197
5.238	1.000	0.199
5.273	1.000	0.200
5.308	1.000	0.201
5.343	1.000	0.202
5.378	1.000	0.203
5.413	1.000	0.204
5.448	1.000	0.204
5.484	1.000	0.205
5.521	1.000	0.205
5.556	1.000	0.205
5.591	1.000	0.207
5.627	1.000	0.207
5.662	1.000	0.207
5.697	1.000	0.207
5.732	1.000	0.207
5.767	1.000	0.207
5.802	1.000	0.207
5.837	1.000	0.207
5.872	1.000	0.207
5.907	1.000	0.208
5.942	1.000	0.208
5.977	1.000	0.208
6.012	1.000	0.208
6.047	1.000	0.209
6.083	1.000	0.209
6.118	1.000	0.208
6.153	1.000	0.208
6.188	1.000	0.208
6.223	1.000	0.208
6.258	1.000	0.208
6.293	1.000	0.208
6.329	1.000	0.208
6.364	1.000	0.208
6.399	1.000	0.208
6.435	1.000	0.208
6.471	1.000	0.207
6.506	1.000	0.208
6.542	1.000	0.209
6.577	1.000	0.208
6.612	1.000	0.208
6.647	1.000	0.209
6.682	1.000	0.208
6.717	1.000	0.209
6.752	1.000	0.208
6.787	1.000	0.209
6.822	1.000	0.209
6.857	1.000	0.209
6.893	1.000	0.209
6.928	1.000	0.209
6.963	1.000	0.209
6.999	1.000	0.209
7.034	1.000	0.210
7.070	1.000	0.209
7.105	1.000	0.209
7.140	1.000	0.209
7.175	1.000	0.209
7.210	1.000	0.209
7.245	1.000	0.209
7.281	1.000	0.209
7.316	1.000	0.210
7.351	1.000	0.210
7.386	1.000	0.209
7.421	1.000	0.209
7.456	1.000	0.210
7.492	1.000	0.210
7.527	1.000	0.209
7.562	1.000	0.210
7.597	1.000	0.210
7.632	1.000	0.210
7.668	1.000	0.209
7.703	1.000	0.209
7.738	1.000	0.209
7.773	1.000	0.209
7.809	1.000	0.209
7.845	1.000	0.209
7.880	1.000	0.208
7.915	1.000	0.209
7.951	1.000	0.209
7.986	1.000	0.210
8.021	1.000	0.209
8.057	1.000	0.209
8.092	1.000	0.209
8.127	1.000	0.209
8.162	1.000	0.210
8.197	1.000	0.209
8.232	1.000	0.209
8.267	1.000	0.209
8.303	1.000	0.209
8.338	1.000	0.209
8.373	1.000	0.209
8.408	1.000	0.209
8.443	1.000	0.209
8.478	1.000	0.209
8.513	1.000	0.209
8.548	1.000	0.209
8.584	1.000	0.209
8.620	1.000	0.208
8.655	1.000	0.209
8.690	1.000	0.209
8.725	1.000	0.209
8.760	1.000	0.208
8.796	1.000	0.208
8.831	1.000	0.208
8.866	1.000	0.208
8.901	1.000	0.208
8.936	1.000	0.208
8.972	1.000	0.208
9.007	1.000	0.207
9.042	1.000	0.208
9.077	1.000	0.208
9.113	1.000	0.208
9.148	1.000	0.209
9.183	1.000	0.208
9.219	1.000	0.208
9.254	1.000	0.209
9.289	1.000	0.208
9.325	1.000	0.209
9.360	1.000	0.209
9.396	1.000	0.209
9.432	1.000	0.208
9.467	1.000	0.208
9.502	1.000	0.208
9.537	1.000	0.208
9.572	1.000	0.208
9.607	1.000	0.209
9.642	1.000	0.209
9.677	1.000	0.209
9.712	1.000	0.209
9.748	1.000	0.209
9.783	1.000	0.208
9.818	1.000	0.208
9.854	1.000	0.208
9.889	1.000	0.209
9.924	1.000	0.208
9.959	1.000	0.208
9.995	1.000	0.208
10.031	1.000	0.208
10.066	1.000	0.208
10.102	1.000	0.209
10.137	1.000	0.209
10.172	1.000	0.208
10.207	1.000	0.209
10.243	1.000	0.209
10.279	1.000	0.209
10.314	1.000	0.209
10.349	1.000	0.209
10.384	1.000	0.209
10.419	1.000	0.209
10.454	1.000	0.209
10.489	1.000	0.209
10.524	1.000	0.209
10.559	1.000	0.209
10.594	1.000	0.210
10.629	1.000	0.209
10.664	1.000	0.210
10.699	1.000	0.210
10.734	1.000	0.210
10.769	1.000	0.210
10.804	1.000	0.210
10.839	1.000	0.210
10.874	1.000	0.209
10.909	1.000	0.209
10.944	1.000	0.209
10.980	1.000	0.209
11.015	1.000	0.209
11.050	1.000	0.209
11.085	1.000	0.209
11.121	1.000	0.209
11.156	1.000	0.209
11.191	1.000	0.209
11.227	1.000	0.210
11.262	1.000	0.209
11.297	1.000	0.210
11.333	1.000	0.210
11.368	1.000	0.209
11.404	1.000	0.209
11.440	1.000	0.210
11.475	1.000	0.210
11.510	1.000	0.210
11.545	1.000	0.210
11.580	1.000	0.210
11.615	1.000	0.210
11.650	1.000	0.210
11.685	1.000	0.210
11.721	1.000	0.210
11.756	1.000	0.210
11.792	1.000	0.210
11.828	1.000	0.209
11.863	1.000	0.209
11.898	1.000	0.209
11.933	1.000	0.209
11.968	1.000	0.209
12.003	1.000	0.209
12.038	1.000	0.210
12.073	1.000	0.210
12.108	1.000	0.210
12.143	1.000	0.210
12.178	1.000	0.210
12.213	1.000	0.210
12.248	1.000	0.211
12.283	1.000	0.210
12.318	1.000	0.210
12.353	1.000	0.210
12.388	1.000	0.210
12.423	1.000	0.210
12.459	1.000	0.210
12.494	1.000	0.210
12.530	1.000	0.210
12.565	1.000	0.210
12.600	1.000	0.210
12.635	1.000	0.210
12.671	1.000	0.210
12.706	1.000	0.210
