0.000	0.000	0.000
0.035	0.000	0.000
0.070	0.000	0.000
0.105	0.000	0.000
0.141	0.000	0.000
0.176	0.000	0.000
0.211	0.000	0.000
0.246	0.000	0.000
0.281	0.000	0.000
0.316	0.000	0.000
0.351	0.000	0.000
0.386	0.000	0.000
0.422	0.000	0.000
0.457	0.000	0.000
0.493	0.000	0.000
0.529	0.000	0.000
0.564	0.000	0.000
0.599	0.000	0.000
0.634	0.000	0.000
0.669	0.000	0.000
0.704	0.000	0.000
0.739	0.000	0.000
0.774	0.000	0.000
0.809	0.000	0.000
0.845	0.000	0.000
0.880	0.000	0.000
0.915	0.000	0.000
0.950	0.000	0.000
0.985	0.000	0.000
1.020	0.000	0.000
1.055	0.000	0.000
1.090	0.000	0.000
1.125	0.000	0.000
1.160	0.000	0.000
1.196	0.000	0.000
1.231	0.000	0.000
1.266	0.000	0.000
1.301	0.000	0.000
1.336	0.000	0.000
1.371	0.000	0.000
1.406	0.000	0.000
1.441	0.000	0.000
1.477	0.000	0.000
1.512	0.000	0.000
1.548	0.000	0.000
1.583	0.000	0.000
1.618	0.000	0.000
1.653	0.000	0.000
1.689	0.000	0.000
1.724	0.000	0.000
1.759	0.000	0.000
1.794	0.000	0.000
1.829	0.000	0.000
1.864	0.000	0.000
1.899	0.000	0.000
1.935	0.000	0.000
1.970	0.000	0.000
2.005	0.000	0.000
2.040	0.000	0.000
2.075	0.000	0.000
2.110	0.000	0.000
2.145	0.000	0.000
2.180	0.000	0.000
2.215	0.000	0.000
2.250	0.000	0.000
2.285	0.000	0.000
2.320	0.000	0.000
2.356	0.000	0.000
2.391	0.000	0.000
2.426	0.000	0.000
2.461	0.000	0.000
2.497	0.000	0.000
2.532	0.000	0.000
2.568	0.000	0.000
2.603	0.000	0.000
2.638	0.000	0.000
2.673	0.000	0.000
2.708	0.000	0.000
2.744	0.000	0.000
2.779	0.000	0.000
2.814	0.000	0.000
2.849	0.000	0.000
2.884	0.000	0.000
2.919	0.000	0.000
2.954	0.000	0.000
2.989	0.000	0.000
3.024	0.000	0.000
3.059	0.000	0.000
3.095	0.000	0.000
3.131	0.000	0.000
3.166	0.000	0.000
3.201	0.000	0.000
3.236	0.000	0.000
3.272	0.000	0.000
3.308	0.000	0.000
3.343	0.000	0.000
3.379	0.000	0.000
3.414	0.000	0.000
3.449	0.000	0.000
3.484	0.000	0.000
3.519	0.000	0.000
3.554	0.000	0.000
3.589	0.000	0.000
3.624	0.000	0.000
3.660	0.000	0.000
3.695	0.000	0.000
3.731	0.000	0.000
3.766	0.000	0.000
3.801	0.000	0.000
3.838	0.000	0.000
3.874	0.000	0.000
3.910	0.000	0.000
3.946	0.000	0.000
3.982	0.000	0.000
4.017	0.000	0.000
4.053	0.000	0.000
4.088	0.000	0.000
4.124	0.000	0.000
4.159	0.000	0.000
4.194	0.000	0.000
4.230	0.000	0.000
4.266	0.000	0.000
4.301	0.000	0.000
4.336	0.000	0.000
4.371	0.000	0.000
4.406	0.000	0.000
4.442	0.000	0.000
4.477	0.000	0.000
4.512	0.000	0.000
4.547	0.000	0.000
4.582	0.000	0.000
4.617	0.000	0.000
4.652	0.000	0.000
4.687	0.000	0.000
4.723	0.000	0.000
4.759	0.000	0.000
4.794	0.000	0.000
4.829	0.000	0.000
4.864	0.000	0.000
4.899	0.000	0.000
4.934	0.000	0.000
4.969	0.000	0.000
5.005	0.000	0.000
5.040	0.000	0.000
5.075	0.000	0.000
5.112	0.000	0.000
5.147	0.000	0.000
5.182	0.000	0.000
5.217	0.000	0.000
5.252	0.000	0.000
5.288	0.000	0.000
5.323	0.000	0.000
5.358	0.000	0.000
5.393	0.000	0.000
5.428	0.000	0.000
5.463	0.000	0.000
5.499	0.000	0.000
5.534	0.000	0.000
5.570	0.000	0.000
5.605	0.000	0.000
5.640	0.000	0.000
5.676	0.000	0.000
5.711	0.000	0.000
5.747	0.000	0.000
5.782	0.000	0.000
5.817	0.000	0.000
5.852	0.000	0.000
5.887	0.000	0.000
5.922	0.000	0.000
5.957	0.000	0.000
5.992	0.000	0.000
6.027	0.000	0.000
6.062	0.000	0.000
6.097	0.000	0.000
6.133	0.000	0.000
6.168	0.000	0.000
6.204	0.000	0.000
6.239	0.000	0.000
6.274	0.000	0.000
6.309	0.000	0.000
6.344	0.000	0.000
6.379	0.000	0.000
6.414	0.000	0.000
6.449	0.000	0.000
6.485	0.000	0.000
6.521	0.000	0.000
6.556	0.000	0.000
6.591	0.000	0.000
6.626	0.000	0.000
6.661	0.000	0.000
6.696	0.000	0.000
6.731	0.000	0.000
6.766	0.000	0.000
6.801	0.000	0.000
6.836	0.000	0.000
6.871	0.000	0.000
6.906	0.000	0.000
6.941	0.000	0.000
6.976	0.000	0.000
7.011	0.000	0.000
7.046	0.000	0.000
7.081	0.000	0.000
7.116	0.000	0.000
7.151	0.000	0.000
7.186	5.000	0.000
7.221	5.000	0.000
7.256	5.000	0.072
7.291	5.000	0.206
7.326	5.000	0.336
7.362	5.000	0.444
7.397	5.000	0.543
7.432	5.000	0.622
7.467	5.000	0.697
7.502	5.000	0.757
7.537	5.000	0.810
7.572	5.000	0.853
7.607	5.000	0.892
7.643	5.000	0.925
7.678	5.000	0.954
7.713	5.000	0.975
7.748	5.000	0.997
7.783	5.000	1.017
7.818	5.000	1.032
7.853	5.000	1.043
7.888	5.000	1.055
7.923	5.000	1.064
7.958	5.000	1.070
7.993	5.000	1.077
8.028	5.000	1.087
8.064	5.000	1.089
8.099	5.000	1.095
8.134	5.000	1.097
8.169	5.000	1.102
8.204	5.000	1.107
8.239	5.000	1.109
8.274	5.000	1.111
8.309	5.000	1.113
8.344	5.000	1.115
8.379	5.000	1.117
8.414	5.000	1.116
8.449	5.000	1.118
8.484	5.000	1.118
8.519	5.000	1.119
8.554	5.000	1.123
8.589	5.000	1.123
8.624	5.000	1.122
8.659	5.000	1.121
8.694	5.000	1.122
8.729	5.000	1.122
8.765	5.000	1.122
8.800	5.000	1.123
8.836	5.000	1.124
8.872	5.000	1.119
8.907	5.000	1.119
8.942	5.000	1.121
8.977	5.000	1.121
9.012	5.000	1.121
9.048	5.000	1.121
9.083	5.000	1.122
9.118	5.000	1.122
9.153	5.000	1.120
9.189	5.000	1.118
9.225	5.000	1.121
9.260	5.000	1.120
9.295	5.000	1.122
9.330	5.000	1.118
9.365	5.000	1.120
9.400	5.000	1.120
9.436	5.000	1.118
9.471	5.000	1.119
9.506	5.000	1.121
9.541	5.000	1.121
9.576	5.000	1.122
9.611	5.000	1.120
9.646	5.000	1.121
9.681	5.000	1.122
9.716	5.000	1.122
9.751	5.000	1.121
9.787	5.000	1.120
9.822	5.000	1.121
9.857	5.000	1.122
9.892	5.000	1.123
9.927	5.000	1.124
9.963	5.000	1.124
9.999	5.000	1.123
10.034	5.000	1.125
10.069	5.000	1.123
10.104	5.000	1.125
10.139	5.000	1.125
10.174	5.000	1.125
10.209	5.000	1.124
10.244	5.000	1.123
10.280	5.000	1.123
10.315	5.000	1.124
10.350	5.000	1.125
10.385	5.000	1.125
10.420	5.000	1.124
10.457	5.000	1.125
10.492	5.000	1.121
10.527	5.000	1.122
10.562	5.000	1.124
10.597	5.000	1.121
10.633	5.000	1.123
10.668	5.000	1.124
10.703	5.000	1.121
10.738	5.000	1.121
10.773	5.000	1.123
10.808	5.000	1.123
10.843	5.000	1.122
10.878	5.000	1.119
10.913	5.000	1.119
10.949	5.000	1.119
10.984	5.000	1.118
11.019	5.000	1.119
11.054	5.000	1.118
11.089	5.000	1.122
11.124	5.000	1.122
11.159	5.000	1.119
11.194	5.000	1.120
11.229	5.000	1.120
11.264	5.000	1.120
11.299	5.000	1.119
11.334	5.000	1.121
11.369	5.000	1.122
11.404	5.000	1.123
11.439	5.000	1.121
11.474	5.000	1.122
11.509	5.000	1.123
11.544	5.000	1.122
11.579	5.000	1.123
11.614	5.000	1.122
11.649	5.000	1.123
11.684	5.000	1.123
11.719	5.000	1.123
11.755	5.000	1.123
11.790	5.000	1.123
11.826	5.000	1.123
11.861	5.000	1.119
11.896	5.000	1.121
11.931	5.000	1.120
11.966	5.000	1.120
12.002	5.000	1.118
12.038	5.000	1.118
12.073	5.000	1.119
12.109	5.000	1.122
12.144	5.000	1.118
12.179	5.000	1.121
12.214	5.000	1.122
12.249	5.000	1.122
12.285	5.000	1.123
12.320	5.000	1.122
12.355	5.000	1.124
12.390	5.000	1.123
12.427	5.000	1.124
12.462	5.000	1.123
12.497	5.000	1.124
12.533	5.000	1.125
12.568	5.000	1.123
12.603	5.000	1.125
12.638	5.000	1.125
12.673	5.000	1.123
12.709	5.000	1.121
12.744	5.000	1.121
12.779	5.000	1.122
12.815	5.000	1.125
12.851	5.000	1.124
12.886	5.000	1.123
12.922	5.000	1.121
12.958	5.000	1.120
12.993	5.000	1.121
13.028	5.000	1.122
13.063	5.000	1.124
13.098	5.000	1.124
13.133	5.000	1.124
13.168	5.000	1.121
13.203	5.000	1.122
13.238	5.000	1.126
13.274	5.000	1.125
13.310	5.000	1.126
13.346	5.000	1.122
13.381	5.000	1.126
13.416	5.000	1.124
13.451	5.000	1.121
13.486	5.000	1.125
13.521	5.000	1.122
13.556	5.000	1.122
13.591	5.000	1.120
13.626	5.000	1.121
13.661	5.000	1.123
13.696	5.000	1.123
13.731	5.000	1.122
13.766	5.000	1.123
13.803	5.000	1.122
13.839	5.000	1.120
13.874	5.000	1.123
13.909	5.000	1.124
