0.000	0.000	0.000
0.035	0.000	0.000
0.070	0.000	0.000
0.105	0.000	0.000
0.140	0.000	0.000
0.175	0.000	0.000
0.210	0.000	0.000
0.245	0.000	0.000
0.280	0.000	0.000
0.315	0.000	0.000
0.351	0.000	0.000
0.386	0.000	0.000
0.421	0.000	0.000
0.456	0.000	0.000
0.491	0.000	0.000
0.526	0.000	0.000
0.561	0.000	0.000
0.596	0.000	0.000
0.632	0.000	0.000
0.667	0.000	0.000
0.702	0.000	0.000
0.737	0.000	0.000
0.772	0.000	0.000
0.808	0.000	0.000
0.843	0.000	0.000
0.878	0.000	0.000
0.913	0.000	0.000
0.948	0.000	0.000
0.983	0.000	0.000
1.019	0.000	0.000
1.054	0.000	0.000
1.089	0.000	0.000
1.124	0.000	0.000
1.160	0.000	0.000
1.195	0.000	0.000
1.231	0.000	0.000
1.267	0.000	0.000
1.302	0.000	0.000
1.337	0.000	0.000
1.372	0.000	0.000
1.407	0.000	0.000
1.442	0.000	0.000
1.477	0.000	0.000
1.512	0.000	0.000
1.547	0.000	0.000
1.582	0.000	0.000
1.617	0.000	0.000
1.652	0.000	0.000
1.688	0.000	0.000
1.723	0.000	0.000
1.761	0.000	0.000
1.796	0.000	0.000
1.831	0.000	0.000
1.866	0.000	0.000
1.901	0.000	0.000
1.937	0.000	0.000
1.972	0.000	0.000
2.007	0.000	0.000
2.042	0.000	0.000
2.077	0.000	0.000
2.112	0.000	0.000
2.147	0.000	0.000
2.182	0.000	0.000
2.217	0.000	0.000
2.252	0.000	0.000
2.287	0.000	0.000
2.322	0.000	0.000
2.359	0.000	0.000
2.394	0.000	0.000
2.429	0.000	0.000
2.464	0.000	0.000
2.499	0.000	0.000
2.534	0.000	0.000
2.569	0.000	0.000
2.605	0.000	0.000
2.641	0.000	0.000
2.676	0.000	0.000
2.711	0.000	0.000
2.747	0.000	0.000
2.782	0.000	0.000
2.817	0.000	0.000
2.852	0.000	0.000
2.887	0.000	0.000
2.922	0.000	0.000
2.957	0.000	0.000
2.992	0.000	0.000
3.027	0.000	0.000
3.062	0.000	0.000
3.097	0.000	0.000
3.132	0.000	0.000
3.167	0.000	0.000
3.202	0.000	0.000
3.237	0.000	0.000
3.273	0.000	0.000
3.309	0.000	0.000
3.346	0.000	0.000
3.381	0.000	0.000
3.417	0.000	0.000
3.452	0.000	0.000
3.487	0.000	0.000
3.523	0.000	0.000
3.558	0.000	0.000
3.593	0.000	0.000
3.628	0.000	0.000
3.663	0.000	0.000
3.698	0.000	0.000
3.733	0.000	0.000
3.768	0.000	0.000
3.803	0.000	0.000
3.839	0.000	0.000
3.874	0.000	0.000
3.909	0.000	0.000
3.944	0.000	0.000
3.979	0.000	0.000
4.015	0.000	0.000
4.050	0.000	0.000
4.085	0.000	0.000
4.121	0.000	0.000
4.156	0.000	0.000
4.192	0.000	0.000
4.228	0.000	0.000
4.263	0.000	0.000
4.298	0.000	0.000
4.333	0.000	0.000
4.368	0.000	0.000
4.403	0.000	0.000
4.438	0.000	0.000
4.473	0.000	0.000
4.508	0.000	0.000
4.543	0.000	0.000
4.578	0.000	0.000
4.613	0.000	0.000
4.648	0.000	0.000
4.683	0.000	0.000
4.718	0.000	0.000
4.753	0.000	0.000
4.788	0.000	0.000
4.823	0.000	0.000
4.858	0.000	0.000
4.893	0.000	0.000
4.928	0.000	0.000
4.964	0.000	0.000
4.999	0.000	0.000
5.034	0.000	0.000
5.069	0.000	0.000
5.105	0.000	0.000
5.140	0.000	0.000
5.175	0.000	0.000
5.210	0.000	0.000
5.245	0.000	0.000
5.281	0.000	0.000
5.316	0.000	0.000
5.351	0.000	0.000
5.386	0.000	0.000
5.421	0.000	0.000
5.456	0.000	0.000
5.492	0.000	0.000
5.527	0.000	0.000
5.562	0.000	0.000
5.597	0.000	0.000
5.633	0.000	0.000
5.668	0.000	0.000
5.703	0.000	0.000
5.738	0.000	0.000
5.774	0.000	0.000
5.809	0.000	0.000
5.844	0.000	0.000
5.879	0.000	0.000
5.914	0.000	0.000
5.949	0.000	0.000
5.984	0.000	0.000
6.019	0.000	0.000
6.054	0.000	0.000
6.089	0.000	0.000
6.124	0.000	0.000
6.160	0.000	0.000
6.195	0.000	0.000
6.230	0.000	0.000
6.265	0.000	0.000
6.300	0.000	0.000
6.335	0.000	0.000
6.371	0.000	0.000
6.406	0.000	0.000
6.441	0.000	0.000
6.476	0.000	0.000
6.511	0.000	0.000
6.546	-5.000	0.000
6.582	-5.000	0.000
6.617	-5.000	-0.070
6.652	-5.000	-0.206
6.687	-5.000	-0.334
6.722	-5.000	-0.447
6.757	-5.000	-0.543
6.792	-5.000	-0.624
6.828	-5.000	-0.695
6.863	-5.000	-0.760
6.899	-5.000	-0.808
6.935	-5.000	-0.855
6.971	-5.000	-0.896
7.006	-5.000	-0.930
7.041	-5.000	-0.958
7.076	-5.000	-0.981
7.111	-5.000	-1.002
7.146	-5.000	-1.020
7.181	-5.000	-1.036
7.216	-5.000	-1.049
7.251	-5.000	-1.061
7.286	-5.000	-1.070
7.321	-5.000	-1.076
7.357	-5.000	-1.088
7.392	-5.000	-1.094
7.427	-5.000	-1.097
7.462	-5.000	-1.102
7.497	-5.000	-1.107
7.532	-5.000	-1.110
7.567	-5.000	-1.110
7.602	-5.000	-1.116
7.637	-5.000	-1.119
7.672	-5.000	-1.118
7.708	-5.000	-1.122
7.743	-5.000	-1.124
7.778	-5.000	-1.120
7.813	-5.000	-1.122
7.849	-5.000	-1.123
7.884	-5.000	-1.125
7.919	-5.000	-1.127
7.954	-5.000	-1.128
7.989	-5.000	-1.125
8.024	-5.000	-1.128
8.059	-5.000	-1.128
8.094	-5.000	-1.125
8.129	-5.000	-1.126
8.164	-5.000	-1.129
8.199	-5.000	-1.127
8.234	-5.000	-1.129
8.269	-5.000	-1.127
8.304	-5.000	-1.130
8.339	-5.000	-1.128
8.375	-5.000	-1.129
8.410	-5.000	-1.130
8.445	-5.000	-1.127
8.480	-5.000	-1.128
8.515	-5.000	-1.129
8.550	-5.000	-1.130
8.585	-5.000	-1.131
8.620	-5.000	-1.126
8.655	-5.000	-1.130
8.690	-5.000	-1.129
8.725	-5.000	-1.130
8.760	-5.000	-1.127
8.795	-5.000	-1.130
8.830	-5.000	-1.127
8.865	-5.000	-1.129
8.900	-5.000	-1.129
8.935	-5.000	-1.129
8.970	-5.000	-1.128
9.005	-5.000	-1.129
9.040	-5.000	-1.129
9.075	-5.000	-1.128
9.111	-5.000	-1.133
9.146	-5.000	-1.129
9.181	-5.000	-1.132
9.216	-5.000	-1.131
9.251	-5.000	-1.130
9.286	-5.000	-1.130
9.321	-5.000	-1.130
9.356	-5.000	-1.133
9.391	-5.000	-1.133
9.426	-5.000	-1.131
9.461	-5.000	-1.127
9.496	-5.000	-1.129
9.531	-5.000	-1.129
9.567	-5.000	-1.128
9.602	-5.000	-1.130
9.637	-5.000	-1.127
9.672	-5.000	-1.131
9.707	-5.000	-1.127
9.742	-5.000	-1.126
9.777	-5.000	-1.127
9.812	-5.000	-1.127
9.847	-5.000	-1.131
9.882	-5.000	-1.128
9.917	-5.000	-1.129
9.952	-5.000	-1.126
9.987	-5.000	-1.128
10.022	-5.000	-1.126
10.058	-5.000	-1.125
10.093	-5.000	-1.126
10.129	-5.000	-1.125
10.164	-5.000	-1.130
10.199	-5.000	-1.129
10.234	-5.000	-1.128
10.269	-5.000	-1.128
10.304	-5.000	-1.128
10.339	-5.000	-1.127
10.374	-5.000	-1.127
10.409	-5.000	-1.127
10.444	-5.000	-1.127
10.479	-5.000	-1.127
10.514	-5.000	-1.127
10.549	-5.000	-1.131
10.584	-5.000	-1.131
10.619	-5.000	-1.130
10.654	-5.000	-1.130
10.689	-5.000	-1.130
10.724	-5.000	-1.129
10.760	-5.000	-1.129
10.795	-5.000	-1.130
10.830	-5.000	-1.130
10.865	-5.000	-1.130
10.900	-5.000	-1.129
10.935	-5.000	-1.129
10.970	-5.000	-1.129
11.005	-5.000	-1.128
11.041	-5.000	-1.128
11.076	-5.000	-1.132
11.111	-5.000	-1.131
11.146	-5.000	-1.130
11.181	-5.000	-1.129
11.216	-5.000	-1.130
11.251	-5.000	-1.127
11.286	-5.000	-1.129
11.321	-5.000	-1.129
11.356	-5.000	-1.128
11.391	-5.000	-1.127
11.426	-5.000	-1.127
11.461	-5.000	-1.126
11.496	-5.000	-1.126
11.531	-5.000	-1.125
11.566	-5.000	-1.125
11.601	-5.000	-1.125
11.636	-5.000	-1.129
11.671	-5.000	-1.127
11.706	-5.000	-1.126
11.742	-5.000	-1.125
11.778	-5.000	-1.126
11.813	-5.000	-1.129
11.848	-5.000	-1.124
11.883	-5.000	-1.126
11.919	-5.000	-1.125
11.955	-5.000	-1.125
11.990	-5.000	-1.128
12.025	-5.000	-1.128
12.060	-5.000	-1.129
12.096	-5.000	-1.126
12.131	-5.000	-1.127
12.166	-5.000	-1.127
12.201	-5.000	-1.125
12.236	-5.000	-1.130
12.272	-5.000	-1.126
12.308	-5.000	-1.128
12.344	-5.000	-1.128
12.379	-5.000	-1.128
12.414	-5.000	-1.129
12.449	-5.000	-1.128
12.484	-5.000	-1.129
12.519	-5.000	-1.128
12.555	-5.000	-1.129
12.590	-5.000	-1.130
12.626	-5.000	-1.131
12.661	-5.000	-1.129
12.696	-5.000	-1.128
12.731	-5.000	-1.128
12.766	-5.000	-1.127
12.801	-5.000	-1.127
12.836	-5.000	-1.131
12.871	-5.000	-1.131
12.907	-5.000	-1.128
12.942	-5.000	-1.129
12.977	-5.000	-1.127
13.012	-5.000	-1.127
13.048	-5.000	-1.126
13.084	-5.000	-1.128
13.120	-5.000	-1.128
13.155	-5.000	-1.129
13.190	-5.000	-1.128
13.225	-5.000	-1.127
13.260	-5.000	-1.127
13.296	-5.000	-1.126
13.331	-5.000	-1.127
13.366	-5.000	-1.128
13.401	-5.000	-1.126
13.436	-5.000	-1.126
13.471	-5.000	-1.125
13.507	-5.000	-1.125
13.542	-5.000	-1.126
13.577	-5.000	-1.126
13.612	-5.000	-1.125
13.647	-5.000	-1.124
13.682	-5.000	-1.126
13.717	-5.000	-1.126
13.752	-5.000	-1.125
13.787	-5.000	-1.125
13.822	-5.000	-1.125
13.857	-5.000	-1.124
13.892	-5.000	-1.129
13.927	-5.000	-1.128
13.962	-5.000	-1.127
13.997	-5.000	-1.127
14.032	-5.000	-1.126
14.067	-5.000	-1.126
14.102	-5.000	-1.127
14.137	-5.000	-1.129
14.172	-5.000	-1.128
14.207	-5.000	-1.128
14.242	-5.000	-1.126
14.277	-5.000	-1.126
14.312	-5.000	-1.127
14.348	-5.000	-1.127
14.383	-5.000	-1.131
14.418	-5.000	-1.130
14.453	-5.000	-1.130
14.488	-5.000	-1.129
14.523	-5.000	-1.129
14.558	-5.000	-1.130
14.594	-5.000	-1.129
14.630	-5.000	-1.130
14.665	-5.000	-1.131
14.701	-5.000	-1.127
14.736	-5.000	-1.127
14.772	-5.000	-1.127
14.807	-5.000	-1.128
14.842	-5.000	-1.128
14.878	-5.000	-1.129
14.913	-5.000	-1.130
14.949	-5.000	-1.129
14.984	-5.000	-1.130
15.020	-5.000	-1.126
15.055	-5.000	-1.129
15.090	-5.000	-1.128
15.125	-5.000	-1.128
15.160	-5.000	-1.124
15.195	-5.000	-1.127
15.230	-5.000	-1.125
15.265	-5.000	-1.128
15.300	-5.000	-1.125
15.336	-5.000	-1.128
15.371	-5.000	-1.128
15.406	-5.000	-1.124
15.441	-5.000	-1.124
15.477	-5.000	-1.125
15.512	-5.000	-1.125
15.547	-5.000	-1.125
15.583	-5.000	-1.126
15.618	-5.000	-1.128
15.654	-5.000	-1.128
15.689	-5.000	-1.124
15.725	-5.000	-1.125
15.761	-5.000	-1.129
15.797	-5.000	-1.125
15.832	-5.000	-1.128
15.867	-5.000	-1.126
15.902	-5.000	-1.126
15.938	-5.000	-1.127
15.973	-5.000	-1.129
16.008	-5.000	-1.130
16.043	-5.000	-1.127
16.078	-5.000	-1.128
16.113	-5.000	-1.130
16.148	-5.000	-1.130
16.183	-5.000	-1.128
16.218	-5.000	-1.130
16.253	-5.000	-1.128
16.288	-5.000	-1.128
16.323	-5.000	-1.129
16.359	-5.000	-1.130
16.394	-5.000	-1.130
16.429	-5.000	-1.128
16.464	-5.000	-1.128
16.500	-5.000	-1.128
16.535	-5.000	-1.127
