0.000	0.000	0.000
0.036	0.000	0.000
0.071	0.000	0.000
0.106	0.000	0.000
0.141	0.000	0.000
0.176	0.000	0.000
0.211	0.000	0.000
0.246	0.000	0.000
0.281	0.000	0.000
0.316	0.000	0.000
0.351	0.000	0.000
0.386	0.000	0.000
0.421	0.000	0.000
0.456	0.000	0.000
0.491	0.000	0.000
0.527	0.000	0.000
0.562	0.000	0.000
0.598	0.000	0.000
0.633	0.000	0.000
0.669	0.000	0.000
0.704	0.000	0.000
0.740	0.000	0.000
0.775	0.000	0.000
0.810	0.000	0.000
0.845	0.000	0.000
0.880	0.000	0.000
0.915	0.000	0.000
0.951	0.000	0.000
0.986	0.000	0.000
1.021	0.000	0.000
1.056	0.000	0.000
1.091	0.000	0.000
1.126	0.000	0.000
1.161	0.000	0.000
1.197	0.000	0.000
1.233	0.000	0.000
1.269	0.000	0.000
1.305	0.000	0.000
1.341	0.000	0.000
1.376	0.000	0.000
1.411	0.000	0.000
1.446	0.000	0.000
1.481	0.000	0.000
1.516	0.000	0.000
1.551	0.000	0.000
1.586	0.000	0.000
1.622	0.000	0.000
1.657	0.000	0.000
1.692	0.000	0.000
1.727	0.000	0.000
1.762	0.000	0.000
1.797	0.000	0.000
1.832	0.000	0.000
1.867	0.000	0.000
1.902	0.000	0.000
1.937	0.000	0.000
1.972	0.000	0.000
2.007	0.000	0.000
2.042	0.000	0.000
2.077	0.000	0.000
2.112	0.000	0.000
2.147	0.000	0.000
2.182	0.000	0.000
2.217	0.000	0.000
2.252	0.000	0.000
2.287	0.000	0.000
2.322	0.000	0.000
2.358	0.000	0.000
2.393	0.000	0.000
2.428	0.000	0.000
2.464	0.000	0.000
2.499	0.000	0.000
2.535	0.000	0.000
2.570	0.000	0.000
2.605	0.000	0.000
2.640	0.000	0.000
2.676	0.000	0.000
2.711	0.000	0.000
2.746	0.000	0.000
2.781	0.000	0.000
2.816	0.000	0.000
2.852	0.000	0.000
2.887	0.000	0.000
2.922	0.000	0.000
2.957	0.000	0.000
2.993	0.000	0.000
3.028	0.000	0.000
3.063	0.000	0.000
3.098	0.000	0.000
3.133	0.000	0.000
3.169	0.000	0.000
3.205	0.000	0.000
3.240	0.000	0.000
3.276	0.000	0.000
3.311	0.000	0.000
3.347	0.000	0.000
3.382	0.000	0.000
3.417	0.000	0.000
3.453	0.000	0.000
3.488	0.000	0.000
3.524	0.000	0.000
3.559	0.000	0.000
3.594	0.000	0.000
3.630	0.000	0.000
3.665	0.000	0.000
3.701	0.000	0.000
3.736	0.000	0.000
3.771	0.000	0.000
3.806	0.000	0.000
3.841	0.000	0.000
3.876	0.000	0.000
3.912	0.000	0.000
3.947	0.000	0.000
3.983	0.000	0.000
4.018	0.000	0.000
4.054	0.000	0.000
4.089	0.000	0.000
4.124	0.000	0.000
4.160	0.000	0.000
4.195	0.000	0.000
4.230	0.000	0.000
4.266	0.000	0.000
4.301	0.000	0.000
4.336	0.000	0.000
4.371	0.000	0.000
4.406	0.000	0.000
4.441	0.000	0.000
4.476	0.000	0.000
4.511	0.000	0.000
4.546	0.000	0.000
4.581	0.000	0.000
4.616	0.000	0.000
4.651	0.000	0.000
4.686	0.000	0.000
4.722	0.000	0.000
4.757	0.000	0.000
4.792	0.000	0.000
4.828	0.000	0.000
4.863	0.000	0.000
4.898	0.000	0.000
4.933	0.000	0.000
4.968	0.000	0.000
5.003	0.000	0.000
5.038	0.000	0.000
5.073	0.000	0.000
5.108	0.000	0.000
5.143	0.000	0.000
5.178	0.000	0.000
5.213	0.000	0.000
5.248	0.000	0.000
5.283	0.000	0.000
5.318	0.000	0.000
5.353	0.000	0.000
5.388	0.000	0.000
5.423	0.000	0.000
5.458	0.000	0.000
5.493	0.000	0.000
5.528	0.000	0.000
5.563	0.000	0.000
5.598	0.000	0.000
5.633	0.000	0.000
5.668	0.000	0.000
5.703	8.000	0.000
5.738	8.000	0.000
5.773	8.000	0.104
5.808	8.000	0.320
5.843	8.000	0.528
5.878	8.000	0.712
5.913	8.000	0.868
5.948	8.000	0.998
5.984	8.000	1.110
6.020	8.000	1.215
6.055	8.000	1.295
6.090	8.000	1.369
6.125	8.000	1.434
6.160	8.000	1.489
6.195	8.000	1.536
6.230	8.000	1.576
6.265	8.000	1.609
6.300	8.000	1.641
6.335	8.000	1.666
6.371	8.000	1.688
6.406	8.000	1.708
6.442	8.000	1.724
6.478	8.000	1.741
6.513	8.000	1.748
6.549	8.000	1.759
6.584	8.000	1.768
6.620	8.000	1.781
6.655	8.000	1.780
6.690	8.000	1.787
6.725	8.000	1.796
6.760	8.000	1.801
6.795	8.000	1.799
6.830	8.000	1.802
6.865	8.000	1.805
6.901	8.000	1.812
6.936	8.000	1.814
6.971	8.000	1.813
7.006	8.000	1.818
7.041	8.000	1.814
7.076	8.000	1.820
7.111	8.000	1.816
7.147	8.000	1.817
7.182	8.000	1.819
7.217	8.000	1.820
7.252	8.000	1.817
7.287	8.000	1.822
7.322	8.000	1.819
7.357	8.000	1.819
7.393	8.000	1.820
7.429	8.000	1.818
7.465	8.000	1.820
7.500	8.000	1.822
7.535	8.000	1.821
7.571	8.000	1.822
7.606	8.000	1.821
7.641	8.000	1.822
7.676	8.000	1.825
7.711	8.000	1.821
7.746	8.000	1.822
7.781	8.000	1.821
7.816	8.000	1.823
7.851	8.000	1.819
7.886	8.000	1.825
7.921	8.000	1.821
7.957	8.000	1.826
7.992	8.000	1.820
8.027	8.000	1.822
8.062	8.000	1.821
8.098	8.000	1.827
8.133	8.000	1.821
8.168	8.000	1.824
8.204	8.000	1.822
8.240	8.000	1.822
8.275	8.000	1.820
8.311	8.000	1.827
8.346	8.000	1.821
8.381	8.000	1.828
8.416	8.000	1.821
8.452	8.000	1.822
8.487	8.000	1.828
8.522	8.000	1.822
8.557	8.000	1.826
8.594	8.000	1.825
8.629	8.000	1.819
8.664	8.000	1.822
8.699	8.000	1.822
8.735	8.000	1.821
8.770	8.000	1.822
8.806	8.000	1.822
8.841	8.000	1.825
8.876	8.000	1.825
8.911	8.000	1.820
8.946	8.000	1.823
8.981	8.000	1.820
9.016	8.000	1.822
9.051	8.000	1.821
9.086	8.000	1.822
9.122	8.000	1.826
9.157	8.000	1.819
9.192	8.000	1.820
9.227	8.000	1.821
9.262	8.000	1.822
9.297	8.000	1.822
9.332	8.000	1.824
9.368	8.000	1.826
9.404	8.000	1.822
9.439	8.000	1.822
9.474	8.000	1.821
9.509	8.000	1.822
9.544	8.000	1.822
9.579	8.000	1.825
9.614	8.000	1.825
9.649	8.000	1.820
9.684	8.000	1.825
9.719	8.000	1.823
9.754	8.000	1.820
9.789	8.000	1.822
9.824	8.000	1.822
9.859	8.000	1.825
9.894	8.000	1.820
9.929	8.000	1.824
9.964	8.000	1.824
9.999	8.000	1.822
10.034	8.000	1.823
10.069	8.000	1.823
10.104	8.000	1.818
10.140	8.000	1.824
10.175	8.000	1.819
10.210	8.000	1.824
10.245	8.000	1.821
10.280	8.000	1.819
10.315	8.000	1.821
10.350	8.000	1.822
10.385	8.000	1.821
10.420	8.000	1.820
10.455	8.000	1.821
10.490	8.000	1.827
10.525	8.000	1.826
10.560	8.000	1.825
10.596	8.000	1.820
10.631	8.000	1.825
10.666	8.000	1.821
10.702	8.000	1.819
10.738	8.000	1.820
10.773	8.000	1.821
10.808	8.000	1.821
10.844	8.000	1.822
10.879	8.000	1.821
10.914	8.000	1.818
10.949	8.000	1.820
10.984	8.000	1.821
11.019	8.000	1.821
11.054	8.000	1.822
11.089	8.000	1.822
11.124	8.000	1.822
11.159	8.000	1.818
11.194	8.000	1.820
11.229	8.000	1.825
11.264	8.000	1.820
11.299	8.000	1.820
11.334	8.000	1.821
11.371	8.000	1.820
11.406	8.000	1.820
11.441	8.000	1.822
11.476	8.000	1.825
11.511	8.000	1.821
11.546	8.000	1.824
11.581	8.000	1.821
11.616	8.000	1.822
11.651	8.000	1.826
11.686	8.000	1.819
11.721	8.000	1.820
11.756	8.000	1.822
11.791	8.000	1.820
11.826	8.000	1.820
11.861	8.000	1.821
11.897	8.000	1.827
11.932	8.000	1.820
11.968	8.000	1.820
12.003	8.000	1.826
12.039	8.000	1.825
12.074	8.000	1.825
12.109	8.000	1.818
12.144	8.000	1.820
12.180	8.000	1.822
12.215	8.000	1.819
12.250	8.000	1.820
12.285	8.000	1.820
12.321	8.000	1.825
12.356	8.000	1.820
12.391	8.000	1.821
12.426	8.000	1.823
12.462	8.000	1.821
12.497	8.000	1.822
12.532	8.000	1.821
12.567	8.000	1.821
12.602	8.000	1.821
12.637	8.000	1.821
12.673	8.000	1.820
12.709	8.000	1.819
12.744	8.000	1.822
12.779	8.000	1.823
12.815	8.000	1.822
12.850	8.000	1.820
12.885	8.000	1.820
12.920	8.000	1.821
12.955	8.000	1.820
12.990	8.000	1.824
13.026	8.000	1.822
13.061	8.000	1.822
13.096	8.000	1.822
13.131	8.000	1.824
13.166	8.000	1.819
13.201	8.000	1.819
13.236	8.000	1.822
13.272	8.000	1.818
13.307	8.000	1.822
13.342	8.000	1.820
13.378	8.000	1.822
13.413	8.000	1.817
13.448	8.000	1.820
13.484	8.000	1.823
13.519	8.000	1.819
13.554	8.000	1.821
13.589	8.000	1.821
13.624	8.000	1.822
13.659	8.000	1.824
13.694	8.000	1.819
13.729	8.000	1.826
13.764	8.000	1.821
13.799	8.000	1.821
13.834	8.000	1.820
13.869	8.000	1.821
13.904	8.000	1.821
