0.000	0.000	0.000
0.035	0.000	0.000
0.070	0.000	0.000
0.105	0.000	0.000
0.141	0.000	0.000
0.176	0.000	0.000
0.211	0.000	0.000
0.247	0.000	0.000
0.282	0.000	0.000
0.317	0.000	0.000
0.352	0.000	0.000
0.387	0.000	0.000
0.423	0.000	0.000
0.458	0.000	0.000
0.493	0.000	0.000
0.528	0.000	0.000
0.564	0.000	0.000
0.599	0.000	0.000
0.634	0.000	0.000
0.669	0.000	0.000
0.704	0.000	0.000
0.739	0.000	0.000
0.774	0.000	0.000
0.809	0.000	0.000
0.844	0.000	0.000
0.880	0.000	0.000
0.916	0.000	0.000
0.951	0.000	0.000
0.986	0.000	0.000
1.021	0.000	0.000
1.056	0.000	0.000
1.091	0.000	0.000
1.128	0.000	0.000
1.163	0.000	0.000
1.198	0.000	0.000
1.233	0.000	0.000
1.268	0.000	0.000
1.303	0.000	0.000
1.338	0.000	0.000
1.373	0.000	0.000
1.408	0.000	0.000
1.443	0.000	0.000
1.478	0.000	0.000
1.513	0.000	0.000
1.550	0.000	0.000
1.585	0.000	0.000
1.620	0.000	0.000
1.655	0.000	0.000
1.690	0.000	0.000
1.725	0.000	0.000
1.761	0.000	0.000
1.796	0.000	0.000
1.831	0.000	0.000
1.868	0.000	0.000
1.903	0.000	0.000
1.938	0.000	0.000
1.973	0.000	0.000
2.008	0.000	0.000
2.043	0.000	0.000
2.079	0.000	0.000
2.115	0.000	0.000
2.150	0.000	0.000
2.185	0.000	0.000
2.220	0.000	0.000
2.255	0.000	0.000
2.290	0.000	0.000
2.325	0.000	0.000
2.360	0.000	0.000
2.395	0.000	0.000
2.430	0.000	0.000
2.465	0.000	0.000
2.500	0.000	0.000
2.535	0.000	0.000
2.570	0.000	0.000
2.605	0.000	0.000
2.640	0.000	0.000
2.676	0.000	0.000
2.711	0.000	0.000
2.746	0.000	0.000
2.781	0.000	0.000
2.816	0.000	0.000
2.851	0.000	0.000
2.886	0.000	0.000
2.921	0.000	0.000
2.956	0.000	0.000
2.991	0.000	0.000
3.026	0.000	0.000
3.061	0.000	0.000
3.096	0.000	0.000
3.131	0.000	0.000
3.166	0.000	0.000
3.201	0.000	0.000
3.236	0.000	0.000
3.271	0.000	0.000
3.307	0.000	0.000
3.342	0.000	0.000
3.378	0.000	0.000
3.413	0.000	0.000
3.448	0.000	0.000
3.483	0.000	0.000
3.518	0.000	0.000
3.553	0.000	0.000
3.588	0.000	0.000
3.623	0.000	0.000
3.659	0.000	0.000
3.695	0.000	0.000
3.730	0.000	0.000
3.765	0.000	0.000
3.801	0.000	0.000
3.837	0.000	0.000
3.872	0.000	0.000
3.907	0.000	0.000
3.942	0.000	0.000
3.977	0.000	0.000
4.012	0.000	0.000
4.047	0.000	0.000
4.082	0.000	0.000
4.118	0.000	0.000
4.153	0.000	0.000
4.189	0.000	0.000
4.225	0.000	0.000
4.262	0.000	0.000
4.297	0.000	0.000
4.333	0.000	0.000
4.368	0.000	0.000
4.403	0.000	0.000
4.438	0.000	0.000
4.473	0.000	0.000
4.508	0.000	0.000
4.543	0.000	0.000
4.578	0.000	0.000
4.614	0.000	0.000
4.649	0.000	0.000
4.684	0.000	0.000
4.719	0.000	0.000
4.754	0.000	0.000
4.789	0.000	0.000
4.824	0.000	0.000
4.859	0.000	0.000
4.894	0.000	0.000
4.929	0.000	0.000
4.964	0.000	0.000
4.999	0.000	0.000
5.034	0.000	0.000
5.070	0.000	0.000
5.105	0.000	0.000
5.140	0.000	0.000
5.176	0.000	0.000
5.211	0.000	0.000
5.246	0.000	0.000
5.281	0.000	0.000
5.316	0.000	0.000
5.351	0.000	0.000
5.386	0.000	0.000
5.422	0.000	0.000
5.457	0.000	0.000
5.492	0.000	0.000
5.527	0.000	0.000
5.562	0.000	0.000
5.599	0.000	0.000
5.634	0.000	0.000
5.669	0.000	0.000
5.705	0.000	0.000
5.740	0.000	0.000
5.775	0.000	0.000
5.811	0.000	0.000
5.846	0.000	0.000
5.881	0.000	0.000
5.916	0.000	0.000
5.951	0.000	0.000
5.988	0.000	0.000
6.023	0.000	0.000
6.058	0.000	0.000
6.093	0.000	0.000
6.128	0.000	0.000
6.163	0.000	0.000
6.198	0.000	0.000
6.233	0.000	0.000
6.268	0.000	0.000
6.303	0.000	0.000
6.338	0.000	0.000
6.373	0.000	0.000
6.408	0.000	0.000
6.443	0.000	0.000
6.478	0.000	0.000
6.513	0.000	0.000
6.549	0.000	0.000
6.584	0.000	0.000
6.619	0.000	0.000
6.655	0.000	0.000
6.690	0.000	0.000
6.726	0.000	0.000
6.761	0.000	0.000
6.796	0.000	0.000
6.831	0.000	0.000
6.866	0.000	0.000
6.901	0.000	0.000
6.936	0.000	0.000
6.971	0.000	0.000
7.006	0.000	0.000
7.042	0.000	0.000
7.077	0.000	0.000
7.112	0.000	0.000
7.147	0.000	0.000
7.182	0.000	0.000
7.217	0.000	0.000
7.252	0.000	0.000
7.287	0.000	0.000
7.322	0.000	0.000
7.357	0.000	0.000
7.392	0.000	0.000
7.428	0.000	0.000
7.464	0.000	0.000
7.500	0.000	0.000
7.535	0.000	0.000
7.570	0.000	0.000
7.605	0.000	0.000
7.640	0.000	0.000
7.675	0.000	0.000
7.710	0.000	0.000
7.746	0.000	0.000
7.781	0.000	0.000
7.816	0.000	0.000
7.851	0.000	0.000
7.886	0.000	0.000
7.921	0.000	0.000
7.957	0.000	0.000
7.992	0.000	0.000
8.028	0.000	0.000
8.063	0.000	0.000
8.098	0.000	0.000
8.133	0.000	0.000
8.169	0.000	0.000
8.204	0.000	0.000
8.239	0.000	0.000
8.274	0.000	0.000
8.309	0.000	0.000
8.345	0.000	0.000
8.380	0.000	0.000
8.416	0.000	0.000
8.451	0.000	0.000
8.487	0.000	0.000
8.522	0.000	0.000
8.557	0.000	0.000
8.592	0.000	0.000
8.628	0.000	0.000
8.663	0.000	0.000
8.699	0.000	0.000
8.734	0.000	0.000
8.769	0.000	0.000
8.804	0.000	0.000
8.839	0.000	0.000
8.874	0.000	0.000
8.909	0.000	0.000
8.944	0.000	0.000
8.979	0.000	0.000
9.014	0.000	0.000
9.049	0.000	0.000
9.084	0.000	0.000
9.119	0.000	0.000
9.155	0.000	0.000
9.190	0.000	0.000
9.225	0.000	0.000
9.260	0.000	0.000
9.295	0.000	0.000
9.330	0.000	0.000
9.366	0.000	0.000
9.402	0.000	0.000
9.437	0.000	0.000
9.472	0.000	0.000
9.507	0.000	0.000
9.542	0.000	0.000
9.579	0.000	0.000
9.615	0.000	0.000
9.650	0.000	0.000
9.685	0.000	0.000
9.720	0.000	0.000
9.755	0.000	0.000
9.790	0.000	0.000
9.825	0.000	0.000
9.860	0.000	0.000
9.895	0.000	0.000
9.931	0.000	0.000
9.966	0.000	0.000
10.001	0.000	0.000
10.036	0.000	0.000
10.071	0.000	0.000
10.106	0.000	0.000
10.141	0.000	0.000
10.176	0.000	0.000
10.211	2.000	0.000
10.246	2.000	0.000
10.282	2.000	0.029
10.317	2.000	0.081
10.352	2.000	0.133
10.387	2.000	0.175
10.422	2.000	0.212
10.458	2.000	0.246
10.493	2.000	0.274
10.528	2.000	0.296
10.563	2.000	0.318
10.598	2.000	0.335
10.633	2.000	0.350
10.669	2.000	0.363
10.704	2.000	0.375
10.739	2.000	0.384
10.774	2.000	0.391
10.809	2.000	0.399
10.844	2.000	0.405
10.879	2.000	0.411
10.915	2.000	0.414
10.951	2.000	0.420
10.988	2.000	0.421
11.023	2.000	0.424
11.058	2.000	0.427
11.093	2.000	0.429
11.128	2.000	0.431
11.163	2.000	0.433
11.198	2.000	0.434
11.233	2.000	0.436
11.268	2.000	0.436
11.303	2.000	0.437
11.338	2.000	0.438
11.373	2.000	0.439
11.410	2.000	0.440
11.445	2.000	0.439
11.480	2.000	0.440
11.516	2.000	0.441
11.551	2.000	0.442
11.586	2.000	0.441
11.621	2.000	0.443
11.656	2.000	0.440
11.691	2.000	0.441
11.726	2.000	0.441
11.762	2.000	0.441
11.797	2.000	0.441
11.832	2.000	0.442
11.868	2.000	0.442
11.904	2.000	0.441
11.940	2.000	0.442
11.975	2.000	0.442
12.010	2.000	0.443
12.045	2.000	0.442
12.080	2.000	0.442
12.117	2.000	0.441
12.152	2.000	0.441
12.187	2.000	0.442
12.222	2.000	0.441
12.257	2.000	0.442
12.292	2.000	0.442
12.327	2.000	0.443
12.362	2.000	0.441
12.398	2.000	0.442
12.434	2.000	0.444
12.469	2.000	0.442
12.504	2.000	0.442
12.539	2.000	0.443
12.574	2.000	0.442
12.609	2.000	0.444
12.644	2.000	0.442
12.679	2.000	0.443
12.714	2.000	0.443
12.750	2.000	0.443
12.785	2.000	0.441
12.820	2.000	0.441
12.855	2.000	0.443
12.890	2.000	0.443
12.925	2.000	0.441
12.960	2.000	0.442
12.995	2.000	0.442
13.030	2.000	0.441
13.065	2.000	0.442
13.101	2.000	0.443
13.136	2.000	0.443
13.172	2.000	0.441
13.207	2.000	0.441
13.242	2.000	0.441
13.277	2.000	0.441
13.312	2.000	0.440
13.348	2.000	0.442
13.383	2.000	0.440
13.419	2.000	0.441
13.455	2.000	0.440
13.490	2.000	0.440
13.525	2.000	0.440
13.560	2.000	0.441
13.595	2.000	0.441
13.630	2.000	0.441
13.665	2.000	0.440
13.702	2.000	0.442
13.737	2.000	0.441
13.772	2.000	0.441
13.807	2.000	0.443
13.843	2.000	0.441
13.878	2.000	0.441
13.913	2.000	0.442
13.950	2.000	0.442
13.985	2.000	0.442
14.020	2.000	0.443
14.055	2.000	0.442
14.091	2.000	0.443
14.127	2.000	0.441
14.162	2.000	0.442
14.198	2.000	0.442
14.233	2.000	0.444
14.268	2.000	0.442
14.303	2.000	0.443
14.338	2.000	0.442
14.373	2.000	0.443
14.409	2.000	0.443
14.444	2.000	0.441
14.480	2.000	0.442
14.516	2.000	0.443
14.552	2.000	0.443
14.587	2.000	0.442
14.623	2.000	0.443
14.659	2.000	0.443
14.695	2.000	0.441
14.730	2.000	0.441
14.765	2.000	0.443
14.800	2.000	0.443
14.836	2.000	0.441
14.872	2.000	0.442
14.907	2.000	0.442
14.942	2.000	0.442
14.977	2.000	0.443
15.013	2.000	0.442
15.048	2.000	0.441
15.083	2.000	0.441
15.118	2.000	0.441
15.154	2.000	0.442
15.189	2.000	0.442
15.224	2.000	0.441
15.259	2.000	0.442
15.294	2.000	0.442
15.329	2.000	0.442
15.364	2.000	0.442
15.399	2.000	0.442
15.434	2.000	0.441
15.469	2.000	0.442
15.504	2.000	0.441
15.539	2.000	0.441
15.574	2.000	0.442
15.610	2.000	0.443
15.645	2.000	0.441
15.680	2.000	0.441
15.715	2.000	0.441
15.751	2.000	0.442
15.787	2.000	0.443
15.822	2.000	0.443
15.857	2.000	0.443
15.892	2.000	0.441
15.927	2.000	0.441
15.962	2.000	0.441
15.999	2.000	0.442
16.034	2.000	0.441
16.070	2.000	0.442
16.105	2.000	0.443
16.140	2.000	0.442
16.176	2.000	0.442
16.211	2.000	0.443
16.246	2.000	0.441
16.281	2.000	0.441
16.316	2.000	0.441
16.351	2.000	0.440
16.386	2.000	0.442
16.422	2.000	0.440
16.457	2.000	0.441
16.492	2.000	0.440
16.527	2.000	0.441
16.562	2.000	0.440
16.597	2.000	0.442
16.632	2.000	0.440
16.667	2.000	0.441
16.702	2.000	0.441
16.737	2.000	0.439
16.773	2.000	0.441
16.808	2.000	0.439
16.843	2.000	0.441
16.878	2.000	0.440
16.913	2.000	0.440
16.949	2.000	0.440
16.984	2.000	0.440
17.020	2.000	0.440
17.055	2.000	0.441
17.090	2.000	0.441
